1 0.33046875 0.43984375 0.0296875 0.03125
1 0.30625 0.459375 0.0375 0.0234375
1 0.3453125 0.46015625 0.0140625 0.0203125
1 0.36640625 0.45390625 0.028125 0.03125
1 0.4265625 0.459375 0.021875 0.0171875
1 0.190625 0.4765625 0.0171875 0.0140625
1 0.11796875 0.478125 0.0140625 0.01875
1 0.02890625 0.45234375 0.0234375 0.0296875
1 0.121875 0.4359375 0.040625 0.0421875
1 0.096875 0.44296875 0.025 0.0328125
1 0.83515625 0.35 0.3296875 0.7
1 0.825 0.20078125 0.35 0.4015625
1 0.725 0.29375 0.278125 0.5875
1 0.66953125 0.38515625 0.3390625 0.6296875
1 0.5375 0.37734375 0.075 0.3109375
2 0.05078125 0.80859375 0.1015625 0.2171875
3 0.81015625 0.85625 0.3109375 0.2875