1 0.22265625 0.19921875 0.0375 0.0390625
1 0.2390625 0.171875 0.0421875 0.034375
1 0.2015625 0.18515625 0.0203125 0.0234375
1 0.184375 0.19921875 0.0375 0.0375
1 0.1265625 0.21484375 0.0265625 0.0234375
1 0.04296875 0.2765625 0.0421875 0.0375
1 0.0203125 0.26171875 0.028125 0.025
1 0.33984375 0.11484375 0.021875 0.01875
1 0.4078125 0.08671875 0.0203125 0.021875
1 0.41953125 0.12734375 0.0515625 0.0515625
1 0.43984375 0.1125 0.034375 0.0390625
3 0.599107053125 0 0.5963894359374999 0.039891459375 0.631499728125 0.11490891562500001 0.6326244921875 0.1366429390625 0.6859180031250001 0.11804624687500001 0.7385659125 0.082633303125 0.764738540625 0.0761116046875 0.7994857343749999 0.0811655890625 0.83723404375 0.0660693265625 0.8644911375 0.019726303125 0.893195796875 0.0035254281249999997 0.8916261750000001 0 0.599107053125 0
3 1 0.243411596875 0.93132735625 0.0891703140625 0.866770890625 0.109360859375 0.8046001671875 0.1387514171875 0.765101640625 0.1460750796875 0.6696212140625 0.185164965625 0.6513775468749999 0.1864460921875 0.6501165703125 0.1989801 0.7608528375 0.45 1 0.45 1 0.243411596875
3 0.3695322265625 0.951332071875 0.3832074203125 0.9388295984375 0.255411834375 0.658998925 0.3160359078125 0.72073275 0.41678385625000003 0.8821901562500001 0.41209624843750003 0.8404490046875001 0.3509520578125 0.741532425 0.448695915625 0.7065659 0.46875 0.7431835203125 0.46875 0.45 0.100678625 0.45 0.1150064796875 0.5045083265625 0.27421591875 0.7564559015625 0.3695322265625 0.951332071875
3 0.78828125 0.725 0.4234375 0.55