1 0.56640625 0.31796875 0.028125 0.03125
1 0.5921875 0.3 0.0359375 0.021875
1 0.553125 0.296875 0.0125 0.0203125
1 0.53125 0.30234375 0.028125 0.0296875
1 0.471875 0.29375 0.021875 0.015625
1 0.37109375 0.315625 0.034375 0.025
1 0.35625 0.29296875 0.0234375 0.0171875
1 0.31328125 0.29140625 0.0328125 0.01875
1 0.28203125 0.30625 0.0203125 0.03125
1 0.246875 0.28515625 0.0203125 0.0171875
1 0.22265625 0.2859375 0.028125 0.0171875
1 0.08984375 0.29921875 0.0625 0.0296875
1 0.10078125 0.315625 0.0296875 0.0421875
1 0.7078125 0.2890625 0.0171875 0.0140625
1 0.78125 0.290625 0.0140625 0.01875
1 0.86875 0.32109375 0.0234375 0.0296875
1 0.775 0.3328125 0.0390625 0.0390625
1 0.8 0.32734375 0.0234375 0.03125