1 0.1140625 0.41953125 0.228125 0.4984375
1 0.2125 0.3625 0.425 0.6125
1 0.33203125 0.62578125 0.2546875 0.0859375
1 0.325 0.309375 0.26875 0.61875
1 0.409375 0.265625 0.1 0.53125
3 0.8359375 0.52578125 0.328125 0.2859375
3 0.49523090625000005 0 0.459375 0.0144867265625 0.459375 0.2899350921875 0.53035845625 0.25038560312499997 0.598361028125 0.197632621875 0.6734166359375 0.17067860937499998 0.7404527125 0.17392806562500002 0.7758949234375 0.1865718515625 0.8078835265625001 0.20735182812500003 0.8308142078125 0.2098837046875 0.8505110328125 0.2002404609375 0.8681154796874999 0.17290527656250002 0.8637849046875001 0.095450046875 0.8712191140625001 0.0637978515625 0.901027846875 0.041643078124999997 0.9537672625000001 0.0220201828125 0.94487053125 0 0.49523090625000005 0
3 0.2296875 0.86796875 0.459375 0.2640625
3 0.221875 0.7921875 0.44375 0.246875
3 0.66796875 0.834375 0.4171875 0.33125
3 1 0.66875 0.9984244890625 0.66875 0.9815277328124999 0.674832340625 0.9507681046875 0.673778353125 0.933412571875 0.6892164968750001 0.8912672953125 0.7517449765625 0.869814503125 0.757042046875 0.8786818390625 0.8040157265625 0.9067773328125 0.873554515625 0.91669865625 0.8897685671875 0.9320784703125 0.8902955609375001 1 0.8603725140625 1 0.66875