1 0.33046875 0.56640625 0.15 0.6015625
1 0.51796875 0.59765625 0.228125 0.6
1 0.10546875 0.3078125 0.109375 0.121875
1 0.24765625 0.265625 0.04375 0.0796875
1 0.16484375 0.26171875 0.1234375 0.08125
1 0.19453125 0.2984375 0.0015625 0.0015625
1 0.14296875 0.60078125 0.2359375 0.640625
1 0.0484375 0.603125 0.09375 0.6359375
1 0.5375 0.2734375 0.275 0.078125
1 0.40625 0.2640625 0.0875 0.06875
1 0.7234375 0.2828125 0.09375 0.1078125
1 0.71328125 0.60546875 0.171875 0.6234375
1 0.89609375 0.60078125 0.2 0.5625
1 0.971875 0.66171875 0.05 0.51875
1 0.7953125 0.2890625 0.115625 0.109375