1 0.0609375 0.09765625 0.121875 0.1953125
1 0.02421875 0.28125 0.0484375 0.115625
1 0.15390625 0.19296875 0.0375 0.0796875
1 0.20859375 0.1859375 0.0453125 0.1078125
1 0.29453125 0.1328125 0.0671875 0.15625
1 0.26640625 0.16015625 0.0578125 0.1359375
1 0.328125 0.18046875 0.0421875 0.0453125
1 0.38515625 0.17421875 0.0078125 0.0390625
2 0.69453125 0.16953125 0.6109375 0.3390625
3 0.19453125 0.43359375 0.3890625 0.1890625
3 0.06953125 0.8453125 0.1390625 0.309375
3 0.72890625 0.66953125 0.5421875 0.6609375