1 0.6640625 0.925 0.0515625 0.0796875
1 0.45390625 0.97421875 0.1046875 0.0515625
1 0.37109375 0.88203125 0.0515625 0.053125
1 0.80234375 0.97109375 0.0625 0.0578125
1 0.1828125 0.95 0.090625 0.0921875
1 0.1296875 0.940625 0.028125 0.1015625
1 0.27578125 0.8890625 0.0234375 0.0546875
1 0.2203125 0.88203125 0.034375 0.0484375
1 0.18515625 0.86875 0.025 0.034375
1 0.13125 0.88515625 0.03125 0.0546875
1 0.15390625 0.84921875 0.021875 0.0328125
1 0.2484375 0.86484375 0.0171875 0.0375
1 0.18203125 0.84921875 0.0109375 0.0203125
1 0.3171875 0.86171875 0.0125 0.034375
1 0.32109375 0.84765625 0.0109375 0.028125
1 0.3296875 0.84765625 0.0078125 0.025
1 0.36640625 0.85390625 0.0140625 0.025
1 0.41640625 0.85 0.0140625 0.0296875
1 0.240625 0.8453125 0.015625 0.021875
1 0.20625 0.8390625 0.009375 0.0234375
1 0.21875 0.8359375 0.0109375 0.0234375
1 0.27109375 0.83515625 0.009375 0.0171875
1 0.3390625 0.83359375 0.0078125 0.015625
1 0.13515625 0.83515625 0.0171875 0.021875
1 0.1921875 0.83046875 0.0125 0.015625
1 0.23984375 0.83359375 0.00625 0.0171875
1 0.18046875 0.8265625 0.009375 0.0171875
1 0.16640625 0.83046875 0.0125 0.0171875
1 0.15078125 0.83125 0.0078125 0.01875
1 0.109375 0.8265625 0.00625 0.015625
1 0.08671875 0.83046875 0.0125 0.01875
1 0.0734375 0.83046875 0.00625 0.015625
1 0.059375 0.834375 0.021875 0.025
1 0.059375 0.86328125 0.0171875 0.0390625
1 0.04140625 0.8515625 0.015625 0.0328125
1 0.028125 0.8421875 0.0125 0.0125
1 0.01171875 0.84296875 0.0140625 0.0296875
1 0.521875 0.8546875 0.0203125 0.0234375
1 0.5546875 0.84921875 0.0171875 0.0203125
1 0.40078125 0.8421875 0.0171875 0.0171875
1 0.43046875 0.84140625 0.0140625 0.01875
1 0.47578125 0.84296875 0.00625 0.0109375
1 0.5421875 0.84453125 0.0109375 0.0203125
1 0.52109375 0.8390625 0.0109375 0.0140625
1 0.5828125 0.8515625 0.0078125 0.025
1 0.63671875 0.8578125 0.0078125 0.0265625
1 0.6546875 0.8578125 0.015625 0.028125
1 0.72734375 0.87578125 0.0265625 0.040625
1 0.75703125 0.88203125 0.0265625 0.04375
1 0.76953125 0.86171875 0.0140625 0.03125
1 0.7890625 0.8765625 0.021875 0.04375
1 0.965625 0.8734375 0.028125 0.0203125
1 0.8765625 0.8625 0.0140625 0.0265625
1 0.85390625 0.86328125 0.03125 0.03125
1 0.95390625 0.97734375 0.090625 0.0453125