1 0.409375 0.6953125 0.0734375 0.0921875
1 0.1171875 0.740625 0.065625 0.05625
1 0.5546875 0.696875 0.0765625 0.075
1 0.02890625 0.76015625 0.0390625 0.0171875
1 0.06015625 0.74296875 0.021875 0.0359375
1 0.059375 0.728125 0.01875 0.0296875
1 0.0671875 0.72578125 0.015625 0.025
1 0.10390625 0.7203125 0.0203125 0.0265625
1 0.15078125 0.70078125 0.021875 0.0328125
1 0.0078125 0.73203125 0.015625 0.01875
1 0.071875 0.709375 0.0125 0.0171875
1 0.25234375 0.67265625 0.0265625 0.028125
1 0.28203125 0.65703125 0.021875 0.025
1 0.13359375 0.6984375 0.0203125 0.021875
1 0.1609375 0.68828125 0.01875 0.021875
1 0.2046875 0.67578125 0.009375 0.0109375
1 0.26875 0.65703125 0.015625 0.021875
1 0.246875 0.6578125 0.0140625 0.015625
1 0.309375 0.65078125 0.015625 0.025
1 0.3625 0.640625 0.015625 0.0265625
1 0.3796875 0.634375 0.0234375 0.03125
1 0.45390625 0.6296875 0.0375 0.046875
1 0.484375 0.62578125 0.0390625 0.0484375
1 0.48984375 0.603125 0.0234375 0.0328125
1 0.51328125 0.6109375 0.034375 0.0484375
1 0.5921875 0.5703125 0.0203125 0.0296875
1 0.57109375 0.578125 0.0390625 0.0390625
1 0.48203125 0.93046875 0.2546875 0.1390625