1 0.225 0.17578125 0.1421875 0.2078125
1 0.49453125 0.21640625 0.0484375 0.1859375
1 0.0421875 0.240625 0.0625 0.0578125
1 0.15078125 0.23828125 0.05625 0.0734375
1 0.27109375 0.315625 0.025 0.0296875
1 0.29375 0.32109375 0.0296875 0.0328125
1 0.31640625 0.3203125 0.0359375 0.034375
1 0.34453125 0.32734375 0.034375 0.0328125
1 0.36015625 0.28359375 0.0515625 0.053125
1 0.38125 0.27734375 0.046875 0.0671875
1 0.40703125 0.27265625 0.075 0.0859375
1 0.44375 0.3046875 0.034375 0.0328125
1 0.44765625 0.2734375 0.0375 0.0640625
1 0.42734375 0.35078125 0.021875 0.0296875
1 0.48203125 0.3484375 0.025 0.0234375
1 0.4859375 0.3640625 0.0328125 0.0296875
1 0.51484375 0.36484375 0.0078125 0.0296875
1 0.2546875 0.26328125 0.0609375 0.071875
1 0.2859375 0.26640625 0.05625 0.0671875
1 0.2921875 0.275 0.0625 0.0640625
1 0.31875 0.265625 0.0296875 0.046875
1 0.84609375 0.2375 0.3078125 0.475
3 0.30234375 0.8 0.4328125 0.4
1 0.85 0.71328125 0.3 0.2265625