1 0.578125 0.51875 0.1109375 0.1921875
1 0.2796875 0.53046875 0.071875 0.1765625
1 0.21328125 0.45703125 0.0359375 0.08125
1 0.746875 0.4234375 0.0546875 0.0484375
1 0.63984375 0.44453125 0.046875 0.0671875
1 0.5078125 0.3890625 0.0203125 0.028125
1 0.48515625 0.3875 0.025 0.0296875
1 0.4625 0.3921875 0.0328125 0.0296875
1 0.43359375 0.390625 0.0296875 0.028125
1 0.42578125 0.4359375 0.0453125 0.0453125
1 0.40625 0.44609375 0.0375 0.0609375
1 0.38203125 0.4546875 0.0625 0.0765625
1 0.90234375 0.42109375 0.053125 0.0484375
1 0.9796875 0.42578125 0.040625 0.053125
1 0.33984375 0.4296875 0.03125 0.028125
1 0.34140625 0.4609375 0.028125 0.0609375
1 0.3484375 0.38125 0.01875 0.0265625
1 0.29453125 0.39375 0.021875 0.0203125
1 0.28828125 0.37890625 0.0296875 0.0265625
1 0.2484375 0.38515625 0.0265625 0.025
1 0.221875 0.38359375 0.0296875 0.0265625
1 0.17890625 0.44140625 0.0609375 0.0546875
1 0.11875 0.4484375 0.0671875 0.059375
1 0.0953125 0.5296875 0.0625 0.1328125
1 0.01953125 0.4953125 0.0375 0.10625
1 0.06875 0.40390625 0.0390625 0.0328125
1 0.16171875 0.403125 0.0375 0.0296875
1 0.14375 0.40859375 0.0375 0.0328125
1 0.53359375 0.4375 0.0515625 0.0640625
1 0.50234375 0.43984375 0.046875 0.059375
1 0.49453125 0.4328125 0.053125 0.05625
1 0.4703125 0.446875 0.021875 0.0453125