1 0.24453125 0.19453125 0.4890625 0.3890625
1 0.3609375 0.12421875 0.25625 0.2484375
1 0.37734375 0.20625 0.2234375 0.365625
3 0.790605371875 0 0.801583078125 0.027163834375 0.8286390593749999 0.16740778125 0.8539544953125 0.2246366578125 0.870207290625 0.24517641874999999 0.9047458 0.2653916078125 0.9462248390625 0.30804753906250004 1 0.32382278593749997 1 0 0.790605371875 0
3 0.4890625 0 0.4890625 0.3890625 0.7259666734375 0.3890625 0.7577254625000001 0.361995365625 0.7905091765625001 0.3209585875 0.8174722624999999 0.2603985078125 0.7220152625 0 0.4890625 0
3 0.17265625 0.6859375 0.3453125 0.59375
1 0.84375 0.6453125 0.3125 0.5125
1 0.903125 0.6953125 0.19375 0.590625
1 0.83125 0.71796875 0.3375 0.5640625
1 0.834375 0.8078125 0.33125 0.384375
1 0.73203125 0.9390625 0.1578125 0.121875
1 0.79140625 0.88984375 0.3140625 0.2203125
1 0.81640625 0.87734375 0.2828125 0.2453125
1 0.7046875 0.96953125 0.15 0.0609375