1 0.20625 0.234375 0.4125 0.46875
3 0.460333459375 1 0.47938303437499996 0.9698549578125 0.482459365625 0.8972577484375 0.4890625 0.89596736875 0.4890625 0.8616881515625 0.46698894687500003 0.8753592625 0.4496096234375 0.8469111171874999 0.37527865781249997 0.8725131312500001 0.37801185312499996 0.65322183125 0.3079246453125 0.5270797703125 0.2492632703125 0.544081490625 0.25839468593750003 0.46875 0.20301783750000002 0.46875 0.16632842812499998 0.5921329562500001 0.031056440624999997 0.58533876875 0.0144462015625 0.538741321875 0.0424149328125 0.46875 0.006466228124999999 0.46875 0 0.4809145765625 0 1 0.460333459375 1
1 0.55546875 0.5578125 0.1328125 0.178125
1 0.575 0.55390625 0.171875 0.1703125
1 0.50703125 0.60234375 0.0359375 0.0796875
1 0.6328125 0.546875 0.2 0.15625
1 0.64765625 0.61875 0.14375 0.1234375
1 0.7203125 0.52421875 0.175 0.1109375
1 0.70625 0.5984375 0.1078125 0.128125
1 0.8578125 0.53984375 0.28125 0.1421875
1 0.7640625 0.628125 0.1078125 0.125
1 0.8265625 0.58828125 0.1296875 0.1390625
1 0.83359375 0.61875 0.0765625 0.121875
1 0.87265625 0.646875 0.046875 0.0453125
1 0.9265625 0.5640625 0.146875 0.190625
1 0.9109375 0.65703125 0.0765625 0.103125
1 0.96328125 0.58203125 0.0734375 0.2265625
1 0.9828125 0.59765625 0.034375 0.2578125