1 0.33046875 0.51640625 0.0390625 0.0546875
1 0.3109375 0.56484375 0.03125 0.0078125
1 0.3 0.5296875 0.040625 0.046875
1 0.27265625 0.5640625 0.0296875 0.009375
1 0.26328125 0.53046875 0.0296875 0.046875
1 0.25703125 0.52109375 0.0265625 0.0328125
1 0.23984375 0.5296875 0.0453125 0.059375
1 0.24765625 0.565625 0.0203125 0.00625
1 0.22734375 0.565625 0.0234375 0.00625
1 0.1734375 0.44765625 0.1 0.18125
1 0.196875 0.54765625 0.0359375 0.028125
1 0.0984375 0.52265625 0.0609375 0.0625
1 0.0109375 0.5421875 0.021875 0.05
3 0.7703125 0.46015625 0.209375 0.2171875
3 0.4953125 0.37421875 0.290625 0.3890625
4 0.69972508125 1 0.699706078125 0.9994558046875 0.7019411984375 0.9974234359375 0.70139589375 0.9818079546874999 0.7036310140625 0.9797755875 0.7031538734375 0.9661120406249999 0.70538899375 0.9640796734375 0.705048178125 0.954319996875 0.7072832984375 0.9522876296874999 0.7070106453125 0.9444798890625 0.7092457671875 0.9424475203125 0.7089731140625 0.9346397796874999 0.711208234375 0.9326074125 0.7109355828125 0.924799671875 0.7131707031250001 0.9227673046874999 0.7129662140625 0.9169114984375 0.715201334375 0.91487913125 0.7149968453125 0.909023325 0.717231965625 0.9069909578124999 0.7170274765625 0.9011351515625 0.7192625968749999 0.899102784375 0.71898994375 0.8912950437499999 0.7212250640625 0.889262675 0.7210887390625 0.8853588046875001 0.723323859375 0.8833264375000001 0.7231193703125001 0.8774706328124999 0.725354490625 0.8754382640625 0.7252181640625001 0.87153439375 0.727453284375 0.8695020265625001 0.7273169578124999 0.8655981562499999 0.7317872000000001 0.8615334203125 0.7317190359375 0.8595814859375001 0.73395415625 0.8575491171875 0.73388599375 0.8555971828125 0.7361211140624999 0.853564815625 0.7382199078125 0.8476285765625 0.7426901499999999 0.8435638421875 0.7447889437499999 0.8376276031250001 0.7492591843749999 0.83356286875 0.749191021875 0.8316109328125 0.7514261421875 0.8295785656250001 0.7535249359375 0.8236423281249999 0.7814639421875 0.79823773125 0.7883056296875 0.7960445 0.7893550265625 0.7930763796875 0.7927077078125 0.790027828125 0.7996175578125 0.78978653125 0.8018526781249999 0.7877541640625 0.8041559625 0.7876737312500001 0.8097437624999999 0.7825928125 0.8094711109375 0.774785071875 0.8105886718749999 0.7737688875 0.8221050890624999 0.773366725 0.8232226484374999 0.7723505421875 0.8078764093749999 0.7621377093749999 0.8032698421875001 0.7622985734375 0.796223665625 0.758636 0.7893138140625 0.7588772984375 0.78694236875 0.7570057953125 0.7823358015624999 0.7571666593749999 0.7752896234375 0.7535040875 0.7660764906249999 0.7538258171875001 0.76370504375 0.7519543140625 0.754491909375 0.75227604375 0.7474457328125 0.7486134703125 0.742839165625 0.7487743359375 0.74046771875 0.7469028328125 0.7358611515625 0.747063696875 0.7334897046875 0.7451921953125 0.7242765703125 0.745513925 0.7219051234375 0.743642421875 0.712691990625 0.7439641515625001 0.7056458125 0.740301578125 0.6987359625 0.7405428749999999 0.696364515625 0.7386713734375 0.68024153125 0.7392344 0.6778700843750001 0.737362896875 0.652533965625 0.738247653125 0.65016251875 0.7363761515625 0.640949384375 0.73669788125 0.6387142640625 0.7387302484375 0.6225912796874999 0.739293275 0.620356159375 0.74132564375 0.6157495921875 0.7414865078124999 0.6135144718750001 0.743518875 0.6066046203125001 0.7437601734375 0.5952926921875 0.750018140625 0.5883828421875 0.7502594375 0.5816093171875 0.7544046062499999 0.5723961828124999 0.7547263359375 0.5679259421875 0.7587910703125 0.5633193750000001 0.7589519359375 0.5599666937500001 0.7620004875 0.5600348578125 0.763952421875 0.5533294953125 0.770049525 0.5536021484375 0.777857265625 0.5513670281249999 0.779889634375 0.551503353125 0.7837935046875 0.5492682328125 0.785825871875 0.549404559375 0.7897297421875 0.54493431875 0.7937944781249999 0.5450706453125 0.7976983484375 0.5474420906249999 0.7995698499999999 0.5475102546875 0.8015217859374999 0.5441575734375 0.8045703375000001 0.53816079375 0.7979396453125001 0.5380244671875001 0.794035775 0.535653021875 0.792164271875 0.5355848578125 0.7902123375000001 0.5332134109375 0.788340834375 0.5307056390625 0.7825654609375 0.5259627453125 0.7788224546875 0.52582641875 0.774918584375 0.5234549734375 0.7730470828125 0.523386809375 0.771095146875 0.5210153625 0.76922364375 0.518507590625 0.7634482703125001 0.513764696875 0.759705265625 0.5112569234375 0.7539298921875 0.5065140312499999 0.7501868859374999 0.5064458671875001 0.7482349515625 0.49933152812500003 0.74262044375 0.49926336562499996 0.7406685078125 0.4957061953125 0.737861253125 0.49340291093750005 0.7379416859375 0.48391712499999995 0.730455675 0.4793105578125 0.730616540625 0.4769391109375 0.7287450375 0.46081612656250004 0.7293080640625 0.459698565625 0.7303242484375 0.45746344531250005 0.732356615625 0.457599771875 0.7362604859374999 0.4553646515625 0.738292853125 0.45563730312499995 0.74610059375 0.4534021828125 0.7481329624999999 0.4540156515625 0.7657003796875 0.45178052968750004 0.7677327468749999 0.452325834375 0.783348228125 0.4500907140625 0.7853805953124999 0.450908671875 0.8088038187500001 0.45328011874999996 0.810675321875 0.4534846078125 0.8165311265625 0.45829566406250005 0.8222260671875 0.458431990625 0.8261299375 0.46568265625 0.8356483171875 0.4658189828125 0.8395521875 0.46819042812499995 0.841423690625 0.4683267546875 0.8453275609374999 0.4706982015625 0.8471990625 0.470902690625 0.8530548687499999 0.47327413749999997 0.854926371875 0.47354678906250003 0.8627341124999999 0.4759182359375 0.8646056156249999 0.476122725 0.8704614203125001 0.478494171875 0.8723329234375001 0.4790394765625 0.8879484046874999 0.47680435625 0.8899807734375 0.47694068281249996 0.8938846437500001 0.4724704421875 0.897949378125 0.47253860468750003 0.8999013140625 0.45794215781250003 0.9111597687499999 0.455638875 0.9112402 0.44886535 0.91538536875 0.43965221562499995 0.9157070984375 0.43741709531249995 0.917739465625 0.41668754375 0.9184633578125 0.41431609687500004 0.9165918546875 0.40740624687500004 0.9168331515625001 0.4050348 0.9149616500000001 0.4004282328125 0.9151225140625 0.3980567859375 0.9132510109374999 0.3911469359375 0.913492309375 0.38877548906250003 0.91162080625 0.38647220625 0.9117012390625 0.3817293125 0.9079582328125 0.37942602812500004 0.9080386656250001 0.37468313593749997 0.904295659375 0.367773284375 0.9045369578125 0.3665875609375 0.90360120625 0.366314909375 0.895793465625 0.3685500296875 0.893761096875 0.368413703125 0.8898572265625001 0.37288394375 0.8857924921875 0.37281578125000003 0.88384055625 0.3750509015625 0.8818081890625 0.37477825 0.8740004484374999 0.37010351875 0.8722093781250001 0.37003535625 0.8702574421874999 0.367663909375 0.8683859390625001 0.3651561375 0.8626105656249999 0.35685607343750003 0.8560603062500001 0.354552790625 0.8561407390625 0.35218134375 0.8542692359374999 0.35 0.8543454109375 0.35 1 0.69972508125 1