1 0.0140625 0.46015625 0.025 0.05625
1 0.0171875 0.415625 0.0296875 0.040625
1 0.03515625 0.45859375 0.053125 0.053125
1 0.0796875 0.46796875 0.0625 0.078125
1 0.0953125 0.39296875 0.0296875 0.0171875
1 0.1515625 0.5390625 0.13125 0.18125
1 0.12421875 0.47109375 0.0359375 0.053125
1 0.134375 0.446875 0.05625 0.0265625
1 0.12578125 0.3953125 0.0359375 0.0171875
1 0.14140625 0.44140625 0.0515625 0.0140625
1 0.1609375 0.3890625 0.021875 0.021875
1 0.1703125 0.4078125 0.0203125 0.021875
1 0.20625 0.40234375 0.0203125 0.025
1 0.21953125 0.465625 0.040625 0.06875
1 0.2453125 0.4734375 0.04375 0.0703125
1 0.28125 0.46484375 0.04375 0.053125
1 0.30625 0.40703125 0.0296875 0.025
1 0.315625 0.453125 0.0390625 0.0453125
1 0.34453125 0.40703125 0.028125 0.034375
1 0.35234375 0.453125 0.028125 0.0453125
1 0.35859375 0.46328125 0.025 0.03125
1 0.37578125 0.4546875 0.04375 0.059375
1 0.36875 0.40625 0.01875 0.0296875
1 0.38984375 0.409375 0.021875 0.0265625
1 0.4390625 0.5390625 0.09375 0.178125
1 0.41953125 0.43828125 0.0359375 0.028125
1 0.51640625 0.4671875 0.059375 0.0609375
1 0.61953125 0.45 0.0515625 0.0484375
1 0.7625 0.45234375 0.0390625 0.05
1 0.82578125 0.46328125 0.04375 0.059375
1 0.93046875 0.46015625 0.059375 0.046875
1 0.98046875 0.45234375 0.0375 0.046875