1 0.37734375 0.35703125 0.1640625 0.4296875
3 0.503557015625 0 0.459375 0.12831388906250002 0.459375 0.5264149796875001 0.617111278125 0.4652047890625 0.8004937984374999 0.47466212656250006 0.8264492109375 0.48359929218750003 0.820241346875 0.5136735484375 0.895246984375 0.512656896875 0.911689271875 0.56126749375 0.9924118328124999 0.5890625 1 0.5890625 1 0.021758942187499998 0.9537857546874999 0.017424653125 0.9492108171875 0 0.503557015625 0
1 0.43828125 0.70390625 0.0421875 0.1328125
1 0.40546875 0.6984375 0.1078125 0.13125
1 0.37890625 0.646875 0.1390625 0.115625
1 0.35625 0.65390625 0.0875 0.125
1 0.30859375 0.65703125 0.0484375 0.046875
1 0.32265625 0.6234375 0.1796875 0.06875
1 0.2703125 0.6453125 0.084375 0.10625
1 0.25 0.6203125 0.184375 0.0625
1 0.19765625 0.62265625 0.1765625 0.0671875
3 0.775 0.86328125 0.396875 0.2734375
3 0.571875 0.91328125 0.1390625 0.146875