1 0.3015625 0.4140625 0.303125 0.390625
1 0.42734375 0.37421875 0.1234375 0.4578125
1 0.44609375 0.21328125 0.0859375 0.1328125
3 0.8830903625 0 0.8939702437499999 0.3784287734375 0.8999597171874999 0.40314918750000006 0.9046960296875 0.523378578125 0.9101130796874999 0.5371764812500001 1 0.5329865546875 1 0 0.8830903625 0
1 0.6109375 0.91484375 0.0234375 0.075
1 0.721875 0.8671875 0.05625 0.0515625
1 0.72578125 0.8890625 0.0421875 0.05625
1 0.71484375 0.8359375 0.0078125 0.0265625
1 0.72421875 0.83515625 0.0109375 0.021875
1 0.73828125 0.853125 0.0234375 0.0390625
1 0.7421875 0.82421875 0.0203125 0.0140625
1 0.7609375 0.85703125 0.034375 0.0421875
1 0.759375 0.83046875 0.009375 0.009375
1 0.7671875 0.82421875 0.0125 0.021875
1 0.7765625 0.8453125 0.0171875 0.03125
1 0.78671875 0.828125 0.0078125 0.021875
1 0.803125 0.8296875 0.025 0.0296875
1 0.828125 0.82421875 0.0234375 0.025
1 0.84453125 0.84296875 0.025 0.0421875
1 0.853125 0.84140625 0.0140625 0.040625
1 0.89453125 0.82109375 0.009375 0.0078125
1 0.91484375 0.80703125 0.0171875 0.0265625
1 0.9953125 0.81015625 0.009375 0.0390625