1 0.09921875 0.40546875 0.1984375 0.3265625
1 0.56640625 0.46875 0.0671875 0.2
1 0.47734375 0.434375 0.2453125 0.26875
1 0.24453125 0.3375 0.103125 0.146875
1 0.0765625 0.296875 0.153125 0.35625
1 0.0890625 0.27421875 0.1703125 0.26875
1 0.1515625 0.3421875 0.1671875 0.290625
1 0.221875 0.28125 0.1234375 0.1609375
1 0.525 0.33671875 0.103125 0.09375
1 0.2984375 0.27421875 0.1015625 0.134375
1 0.3 0.784375 0.6 0.43125
3 0.9671875 0.634375 0.065625 0.084375
3 0.65546875 0.6078125 0.1109375 0.078125
3 0.82578125 0.73203125 0.1875 0.140625