1 0.3640625 0.33203125 0.65 0.5140625
1 0.1125 0.13046875 0.225 0.2609375
1 0.1203125 0.03125 0.240625 0.0625
1 0.1546875 0.0625 0.309375 0.125
3 0.6890625 0 0.6890625 0.43192868124999995 0.75711316875 0.535792978125 0.7568839015625 0.5890625 0.845877609375 0.5890625 0.857937534375 0.47494714687500006 0.8797618984375 0.43474864531249996 0.903761009375 0.42973519531250004 0.9807201015624999 0.46753177343749996 1 0.4649060171875 1 0 0.6890625 0
1 0.184375 0.8765625 0.36875 0.246875
1 0.321875 0.83984375 0.64375 0.3203125
1 0.48203125 0.796875 0.4140625 0.40625
1 0.5828125 0.8703125 0.2125 0.259375
1 0.6453125 0.77734375 0.0875 0.1203125
0 0.82421875 0.83828125 0.2703125 0.3234375