1 0.06796875 0.15859375 0.1359375 0.3046875
1 0.184375 0.11171875 0.159375 0.2234375
1 0.33671875 0.09921875 0.2765625 0.1984375
1 0.2609375 0.1015625 0.1375 0.203125
1 0.41953125 0.0734375 0.1390625 0.146875
3 0.79453125 0.4140625 0.1765625 0.1390625
3 0.9609375 0.2765625 0.078125 0.1625
3 0.81328125 0.471875 0.1265625 0.05625
3 0.2628861828125 1 0.1933163234375 0.7154923984375 0.155101346875 0.620348765625 0.149419078125 0.6169345125000001 0.14107856093749999 0.6222347046875 0.14597629843749999 0.6677132421875001 0.1353555390625 0.6832439640625 0 0.7219924640625 0 1 0.2628861828125 1
3 0.34765625 0.825 0.2828125 0.35
3 0.375 0.58125 0.228125 0.153125
2 0.74453125 0.696875 0.5109375 0.39375