1 0.540625 0.2546875 0.21875 0.509375
1 0.325 0.2546875 0.65 0.509375
1 0.1671875 0.06953125 0.334375 0.1390625
4 0.65 0 0.65 0.509375 0.98351040625 0.509375 1 0.468561821875 1 0 0.65 0
1 0.45234375 0.5890625 0.3734375 0.159375
1 0.41015625 0.74375 0.2296875 0.3046875
1 0.20390625 0.81328125 0.2625 0.290625
1 0.13671875 0.61796875 0.2734375 0.2171875
1 0.3078125 0.94375 0.109375 0.1125
1 0.471875 0.91015625 0.059375 0.084375
1 0.5265625 0.9203125 0.075 0.1125
1 0.609375 0.8953125 0.08125 0.1625
1 0.5890625 0.91328125 0.0953125 0.1421875
1 0.6328125 0.95078125 0.034375 0.0546875
2 0.91171875 0.5953125 0.1765625 0.171875