1 0.228125 0.1140625 0.45625 0.228125
1 0.303125 0.16484375 0.53125 0.3296875
3 0.784375 0.16484375 0.43125 0.3296875
3 0.94375 0.19296875 0.1125 0.2734375
3 0.69765625 0.16484375 0.2578125 0.3296875
1 0.28515625 0.478125 0.2046875 0.1828125
1 0.84296875 0.5515625 0.3140625 0.44375
1 0.9515625 0.8 0.096875 0.146875
1 0.753125 0.6484375 0.346875 0.3703125
1 0.80546875 0.734375 0.1953125 0.2671875
1 0.8984375 0.73046875 0.1953125 0.2875
1 0.90546875 0.8234375 0.1359375 0.1640625
1 0.9484375 0.88203125 0.103125 0.1359375