1 0.4234375 0.5453125 0.090625 0.0625
1 0.4046875 0.53359375 0.0703125 0.0578125
1 0.56015625 0.540625 0.0359375 0.0625
1 0.5953125 0.5453125 0.034375 0.0546875
1 0.63515625 0.54375 0.0328125 0.065625
1 0.74296875 0.54609375 0.05625 0.0671875
1 0.715625 0.55078125 0.0515625 0.06875
1 0.66015625 0.525 0.0359375 0.0625
1 0.81171875 0.55859375 0.046875 0.040625
1 0.753125 0.52265625 0.075 0.04375
1 0.7125 0.51171875 0.0265625 0.01875
1 0.53984375 0.52109375 0.0234375 0.0265625
1 0.48203125 0.5265625 0.0234375 0.05
1 0.496875 0.51640625 0.0171875 0.0390625
1 0.9625 0.53828125 0.071875 0.0640625
1 0.15 0.53359375 0.084375 0.0390625
1 0.2609375 0.52890625 0.0546875 0.0484375
1 0.3328125 0.52734375 0.0234375 0.025
1 0.36796875 0.5234375 0.0125 0.021875