1 0.01796875 0.24140625 0.0359375 0.0734375
1 0.12265625 0.25625 0.04375 0.0671875
1 0.15703125 0.265625 0.040625 0.059375
1 0.196875 0.2703125 0.040625 0.06875
1 0.26171875 0.2875 0.0359375 0.075
1 0.22421875 0.2546875 0.04375 0.0671875
1 0.27109375 0.2484375 0.0171875 0.021875
1 0.10546875 0.234375 0.0265625 0.0296875
1 0.046875 0.23125 0.0296875 0.053125
1 0.06328125 0.2234375 0.021875 0.040625
3 0.81484375 0.35859375 0.3703125 0.3609375
3 0.50390625 0.34375 0.3765625 0.390625
3 0.3234375 0.35546875 0.0875 0.1765625
3 0.13984375 0.721875 0.2796875 0.2375
1 0.6109375 0.76953125 0.6625 0.4609375
1 0.7859375 0.93984375 0.23125 0.1203125