1 0.328125 0.05078125 0.1046875 0.084375
1 0.31328125 0.0671875 0.0828125 0.0734375
1 0.4421875 0.0265625 0.015625 0.053125
1 0.440625 0.0421875 0.01875 0.03125
1 0.38984375 0.053125 0.0359375 0.0546875
1 0.40625 0.05859375 0.0265625 0.0421875
1 0.06875 0.1375 0.0921875 0.0609375
1 0.1765625 0.11171875 0.065625 0.0609375
1 0.24609375 0.09296875 0.0296875 0.03125
1 0.28046875 0.0875 0.0171875 0.025
3 0.625 0.078125 0.35 0.15625
3 0.74140625 0.2046875 0.2125 0.2484375
3 0.52578125 0.315625 0.1515625 0.30625
3 1 0.019565693749999998 0.969423103125 0.02131570625 0.85634743125 0.1165418015625 0.8164969875000001 0.12855981249999998 0.9140449531250001 0.46875 0.9679213203125 0.46875 1 0.4595515859375 1 0.019565693749999998
3 0.2199902390625 0.8637530203124999 0.2292228296875 0.8676074890625 0.3719101125 0.8266925703125001 0.4276929765625 0.8058206875 0.45 0.8071616109375 0.45 0.46875 0.0806622859375 0.46875 0.1877865546875 0.8534816656249999 0.2127011453125 0.87234500625 0.2199902390625 0.8637530203124999
3 0.840625 0.80859375 0.31875 0.1703125