3 0.7296875 0.21484375 0.540625 0.4296875
3 0 0.57336073125 0.28146548125000004 0.6165280171874999 0.3781375046875 0.6432778781249999 0.459375 0.6590688484375 0.459375 0.4296875 0 0.4296875 0 0.57336073125
3 0.459375 1 0.459375 0.7482648937499999 0.458666921875 0.7448854328125 0.4152933015625 0.7141700281250001 0.36412496875 0.715366125 0.33702678750000004 0.690997834375 0.31201558125 0.655892996875 0.3060492578125 0.62926534375 0.11615713125 0.5907623078124999 0.0769179015625 0.587910209375 0.008791657812500001 0.5698925734375 0.0017620703125000002 0.5733013953125 0 0.5785389015625 0 0.9470189187500001 0.27256403125 1 0.459375 1
3 0.6234375 0.578125 0.034375 0.028125
3 0.484375 0.58515625 0.0203125 0.01875
3 0.528125 0.54609375 0.0203125 0.0203125
3 0.51171875 0.509375 0.0546875 0.0375
3 0.46640625 0.4765625 0.0140625 0.021875
3 0.62890625 0.5140625 0.025 0.0296875
3 0.753125 0.4578125 0.028125 0.025
3 0.69921875 0.4765625 0.015625 0.0140625
3 0.834375 0.46796875 0.0265625 0.0171875
3 0.71015625 0.63046875 0.053125 0.034375
3 0.9953125 0.60390625 0.009375 0.0328125