1 0.4359375 0.58984375 0.2109375 0.2640625
1 0.028125 0.48125 0.05625 0.19375
1 0.79375 0.39453125 0.1171875 0.1515625
1 0.90703125 0.5265625 0.1859375 0.1875
1 0.9484375 0.346875 0.053125 0.090625
1 0.984375 0.35703125 0.03125 0.10625
1 0.67109375 0.35234375 0.03125 0.071875
1 0.7046875 0.3390625 0.059375 0.0921875
1 0.7203125 0.32265625 0.0296875 0.0703125
1 0.64375 0.31484375 0.025 0.0625
1 0.65859375 0.32109375 0.0234375 0.0390625
1 0.6234375 0.30703125 0.025 0.0609375
1 0.5859375 0.315625 0.0546875 0.0625