1 0.4921875 0.3921875 0.115625 0.296875
1 0.175 0.5140625 0.140625 0.15
1 0.096875 0.37265625 0.19375 0.2171875
1 0.02421875 0.54140625 0.0484375 0.0953125
1 0.00234375 0.5265625 0.0046875 0.109375
1 0.2890625 0.56796875 0.04375 0.0421875
1 0.25234375 0.565625 0.0734375 0.046875
1 0.23515625 0.57890625 0.0421875 0.0203125
1 0.775 0.29453125 0.45 0.5890625
1 0.275 0.6703125 0.55 0.1625
3 0.94375 0.79453125 0.1125 0.4109375
3 0.7886342171875 0.8893026828125 0.841948240625 0.9018765921874999 0.8492777796875 0.887302946875 0.8979341937499999 0.6023606312500001 0.89921138125 0.5890625 0.55 0.5890625 0.55 0.9043427796874999 0.6388391546875 0.92000751875 0.72672321875 0.8894923328125 0.7886342171875 0.8893026828125
3 0.7078125 0.96015625 0.2375 0.0796875