1 0.325 0.2140625 0.209375 0.428125
1 0.21484375 0.21484375 0.4296875 0.4296875
1 0.21640625 0.21484375 0.3578125 0.4296875
1 0.1453125 0.21484375 0.290625 0.4296875
1 0.04765625 0.21484375 0.0953125 0.4296875
3 0.8515625 0.32109375 0.296875 0.2171875
3 0.21484375 0.71484375 0.4296875 0.5703125
3 0.46875 0.790625 0.078125 0.15625
3 0.74921875 0.5390625 0.1734375 0.21875
3 0.95859375 0.5203125 0.059375 0.0828125
3 0.53203125 0.45078125 0.1328125 0.0421875
3 0.534375 0.58828125 0.1921875 0.2421875
3 0.60703125 0.778125 0.18125 0.20625