1 0.31953125 0.1859375 0.6390625 0.371875
1 0.19375 0.28984375 0.015625 0.0109375
1 0.1625 0.2890625 0.0171875 0.009375
1 0.1296875 0.29453125 0.0234375 0.015625
1 0.06875 0.3140625 0.028125 0.0234375
1 0.04375 0.315625 0.01875 0.0125
1 0.009375 0.32421875 0.01875 0.0203125
1 0.55546875 0.84921875 0.128125 0.1421875
1 0.225 0.74453125 0.3265625 0.3328125
1 0.315625 0.93671875 0.1421875 0.1234375
1 0.3375 0.90078125 0.059375 0.0609375
1 0.1953125 0.90859375 0.16875 0.1234375
1 0.14453125 0.94765625 0.1765625 0.1046875
3 0.81953125 0.65234375 0.3609375 0.3046875