1 0.41015625 0.51640625 0.1203125 0.2828125
1 0.48046875 0.5234375 0.08125 0.31875
1 0.515625 0.52265625 0.10625 0.2640625
1 0.5421875 0.49140625 0.053125 0.2609375
4 0.59558293125 0 0.56875 0.0009370265625 0.56875 0.709375 0.7707506453125 0.709375 0.8196576015625 0.61737473125 0.828392459375 0.587686953125 0.8399086671875 0.46975380468749994 0.8576222874999999 0.3613984890625 0.8795813828125001 0.262689165625 0.89544076875 0.21316409531249997 0.9231256359375 0.1664908234375 0.9679386109375001 0.050659675 0.978397665625 0.0143821890625 0.9784018546875 0 0.59558293125 0
1 0.603125 0.88046875 0.06875 0.2390625
1 0.9578125 0.80390625 0.084375 0.0921875
1 0.96171875 0.8828125 0.0765625 0.075
1 0.95703125 0.80625 0.0375 0.0390625
1 0.91328125 0.8296875 0.06875 0.053125
1 0.88515625 0.79296875 0.0359375 0.040625
1 0.8375 0.93984375 0.10625 0.1203125
1 0.79296875 0.95078125 0.1921875 0.0984375
1 0.85234375 0.771875 0.028125 0.028125
1 0.8109375 0.79453125 0.0359375 0.0265625
1 0.778125 0.80859375 0.03125 0.0859375
1 0.728125 0.80078125 0.05625 0.0609375
1 0.690625 0.9109375 0.1140625 0.1078125