1 0.28046875 0.4203125 0.1703125 0.278125
1 0.35078125 0.4109375 0.1390625 0.296875
1 0.4125 0.41015625 0.2078125 0.2859375
1 0.44453125 0.37265625 0.1765625 0.278125
1 0.509375 0.3875 0.1703125 0.309375
1 0.5828125 0.38125 0.1125 0.35625
3 0.51484375 0.79296875 0.2484375 0.4140625
3 0.09375 0.6703125 0.1875 0.221875
3 0.50234375 0.6109375 0.2734375 0.103125
3 0.9 0.93515625 0.078125 0.0984375
3 0.8328125 0.84296875 0.034375 0.0421875
3 0.82421875 0.6359375 0.0421875 0.04375
3 0.746875 0.63515625 0.0421875 0.0421875
3 0.64765625 0.9375 0.0171875 0.0625