1 0.18359375 0.21484375 0.3671875 0.4296875
1 0.2 0.21484375 0.4 0.4296875
1 0.2 0.16953125 0.4 0.3390625
1 0.3 0.2703125 0.2 0.31875
1 0.91328125 0.09765625 0.1734375 0.1953125
1 0.85625 0.08828125 0.159375 0.1765625
1 0.7953125 0.07109375 0.221875 0.1421875
1 0.74921875 0.0765625 0.1921875 0.153125
1 0.7 0.06171875 0.1875 0.1234375
1 0.603125 0.04765625 0.2125 0.0953125
1 0.48359375 0.04453125 0.1671875 0.0890625
3 0.0875 0.6625 0.175 0.178125
3 0.34609375 0.81015625 0.1078125 0.2515625
0 0.8359375 0.53828125 0.328125 0.2171875