1 0.403125 0.33125 0.653125 0.415625
1 0.5125 0.31015625 0.434375 0.4578125
1 0.36484375 0.275 0.7296875 0.528125
1 0.24609375 0.3359375 0.4921875 0.40625
1 0.5625 0.18046875 0.334375 0.3609375
3 0.77109375 0.1609375 0.01875 0.0171875
3 0.80859375 0.16171875 0.0203125 0.0171875
3 0.8703125 0.1375 0.0265625 0.0265625
3 0.915625 0.1140625 0.0296875 0.0296875
3 0.93359375 0.15859375 0.0265625 0.03125
3 0.965625 0.1625 0.0328125 0.034375
3 0.80390625 0.24453125 0.0109375 0.0109375
3 0.9125 0.26484375 0.090625 0.0640625
3 0.73515625 0.34765625 0.0109375 0.0203125
1 0.68359375 0.7515625 0.0921875 0.36875
1 0.38203125 0.76953125 0.6953125 0.4609375
0 0.86484375 0.76953125 0.2703125 0.4609375