1 0.1859375 0.06171875 0.26875 0.1234375
1 0.140625 0.065625 0.28125 0.13125
1 0.12109375 0.0609375 0.2421875 0.121875
1 0.334375 0.05234375 0.209375 0.1046875
3 0.60703125 0.29140625 0.0375 0.071875
3 0.68359375 0.25859375 0.0890625 0.10625
3 0.6609375 0.39921875 0.01875 0.0265625
3 0.671875 0.3328125 0.0234375 0.028125
3 0.60859375 0.36484375 0.028125 0.034375
3 0.95390625 0.4453125 0.0265625 0.0328125
3 0.5875 0.4328125 0.0828125 0.046875
3 0.1375 0.859375 0.0734375 0.1078125
3 0.18359375 0.734375 0.0828125 0.059375
3 0.12109375 0.5671875 0.09375 0.0984375
0 0.71953125 0.75 0.5609375 0.5