1 0.07421875 0.275 0.1484375 0.55
1 0.1625 0.215625 0.325 0.43125
1 0.4984375 0.22265625 0.08125 0.4453125
3 0.5859375 0.275 0.09375 0.55
3 0.75859375 0.3359375 0.3890625 0.428125
1 0.47421875 0.85546875 0.1296875 0.2890625
1 0.1984375 0.84296875 0.16875 0.3140625
1 0.16328125 0.81015625 0.3265625 0.3484375
1 0.44609375 0.84765625 0.1859375 0.3046875
1 0.340625 0.8 0.134375 0.2609375
1 0.05703125 0.78046875 0.1140625 0.3109375
1 0.4375 0.7359375 0.203125 0.23125
1 0.3546875 0.6796875 0.0890625 0.1359375
1 0.0171875 0.64453125 0.034375 0.1859375
1 0.0703125 0.75625 0.140625 0.353125
1 0.25078125 0.72578125 0.1328125 0.203125
1 0.203125 0.765625 0.2625 0.278125
0 0.86328125 0.89921875 0.2734375 0.2015625