1 0.32109375 0.17265625 0.1796875 0.1546875
1 0.1484375 0.22109375 0.11875 0.0578125
1 0.18828125 0.22421875 0.1078125 0.0515625
1 0.0921875 0.23828125 0.06875 0.0234375
1 0.478125 0.125 0.11875 0.25
1 0.709375 0.125 0.58125 0.25
1 0.8578125 0.0765625 0.284375 0.153125
1 0.52890625 0.1640625 0.028125 0.0328125
1 0.55625 0.1359375 0.046875 0.0671875
1 0.54296875 0.14921875 0.040625 0.075
1 0.5796875 0.15703125 0.040625 0.0484375
1 0.06484375 0.7015625 0.1296875 0.596875
1 0.26484375 0.60234375 0.3078125 0.7015625
3 0.4828125 0.4359375 0.128125 0.371875
3 0.56875 0.88046875 0.3 0.2390625