1 0.7453125 0.346875 0.140625 0.146875
1 0.10234375 0.4453125 0.2046875 0.30625
1 0.10625 0.309375 0.0578125 0.0984375
1 0.2703125 0.30234375 0.053125 0.103125
1 0.353125 0.2984375 0.0453125 0.0984375
1 0.43515625 0.3125 0.0515625 0.109375
1 0.47109375 0.30859375 0.065625 0.10625
1 0.4171875 0.28671875 0.053125 0.090625
1 0.55546875 0.321875 0.08125 0.134375
1 0.5296875 0.30859375 0.0515625 0.1046875
1 0.5953125 0.315625 0.078125 0.109375
1 0.30078125 0.26796875 0.0328125 0.046875
1 0.28984375 0.284375 0.0421875 0.0734375
1 0.23125 0.28828125 0.0296875 0.078125
1 0.203125 0.2765625 0.034375 0.065625
1 0.24453125 0.2625 0.0515625 0.0453125
1 0.5125 0.36796875 0.0703125 0.003125