1 0.05390625 0.30546875 0.1078125 0.1953125
1 0.371875 0.38203125 0.1 0.1203125
1 0.26171875 0.33671875 0.184375 0.178125
1 0.17421875 0.29375 0.0921875 0.1140625
1 0.05703125 0.2375 0.090625 0.115625
1 0.10625 0.2671875 0.1109375 0.1078125
2 0.7765625 0.26875 0.39375 0.3625
0 0.28984375 0.725 0.5796875 0.55
1 0.8171875 0.7734375 0.365625 0.453125
1 0.94453125 0.79140625 0.1109375 0.2921875
1 0.953125 0.71640625 0.09375 0.1890625
1 0.925 0.71796875 0.15 0.2359375
1 0.77578125 0.653125 0.16875 0.2609375
1 0.6921875 0.6625 0.225 0.365625
1 0.66953125 0.56328125 0.1796875 0.2265625