1 0.415625 0.13125 0.16875 0.16875
1 0.28828125 0.20078125 0.053125 0.090625
1 0.15625 0.16015625 0.1328125 0.1234375
1 0.07421875 0.1390625 0.0796875 0.1
1 0.090625 0.16796875 0.0984375 0.1015625
1 0.040625 0.16015625 0.0578125 0.0890625
1 0.41875 0.21484375 0.06875 0.1109375
1 0.4640625 0.21640625 0.071875 0.0921875
1 0.42421875 0.5765625 0.1515625 0.334375
1 0.48828125 0.62734375 0.0234375 0.2328125
1 0.36640625 0.5984375 0.109375 0.2625
1 0.28828125 0.56328125 0.1765625 0.3078125
1 0.1453125 0.6046875 0.290625 0.26875