1 0.58828125 0.35625 0.0234375 0.103125
1 0.58046875 0.371875 0.0390625 0.134375
1 0.48828125 0.359375 0.06875 0.05625
1 0.371875 0.34296875 0.0765625 0.1203125
1 0.3953125 0.371875 0.1140625 0.1265625
1 0.3921875 0.38671875 0.1140625 0.1109375
1 0.34296875 0.38359375 0.0765625 0.1109375
1 0.065625 0.41328125 0.021875 0.04375
1 0.08046875 0.4546875 0.0203125 0.0265625
1 0.33984375 0.45625 0.021875 0.025
3 0.6 0 0.6 0.0430874625 0.604805265625 0.0660526625 0.601911603125 0.23183051875 0.6165115234375 0.2735424515625 0.650808175 0.28450537656249997 0.682811253125 0.2073319453125 0.6981345906249999 0.20759941406250002 0.7717671796875 0.379895178125 0.8256126125 0.5881205109375001 0.8482066921875001 0.61875 1 0.61875 1 0 0.9328606359375 0 0.9315112859375001 0.0095697 0.8927508109375 0.034803815625 0.8362011796875001 0 0.6 0
0 0.2453125 0.809375 0.490625 0.38125
3 0.8 0.82578125 0.4 0.3484375