1 0.634375 0.53359375 0.1140625 0.1015625
1 0.6390625 0.51796875 0.153125 0.13125
1 0.7984375 0.4890625 0.0984375 0.090625
1 0.4875 0.528125 0.0671875 0.0546875
1 0.37109375 0.5421875 0.075 0.11875
1 0.3953125 0.5140625 0.1125 0.125
1 0.3921875 0.49921875 0.1109375 0.109375
1 0.34296875 0.50078125 0.075 0.109375
1 0.06640625 0.46640625 0.021875 0.04375
1 0.08203125 0.42578125 0.0203125 0.0265625
1 0.34140625 0.428125 0.021875 0.025
1 0.825 0.45546875 0.034375 0.05
1 0.796875 0.48828125 0.0796875 0.0875