1 0.2796875 0.2765625 0.31875 0.553125
1 0.21953125 0.284375 0.4390625 0.56875
1 0.69375 0.253125 0.1 0.1484375
1 0.94296875 0.2953125 0.0578125 0.0890625
1 0.8671875 0.33515625 0.1125 0.140625
1 0.8984375 0.17421875 0.0140625 0.021875
1 0.859375 0.16953125 0.0234375 0.028125
1 0.71484375 0.14921875 0.015625 0.021875
1 0.69375 0.1796875 0.04375 0.04375
1 0.62734375 0.18046875 0.028125 0.0359375
1 0.59453125 0.1671875 0.0515625 0.0484375
1 0.55078125 0.1546875 0.028125 0.0328125
1 0.49765625 0.12421875 0.0359375 0.034375
1 0.46953125 0.11875 0.021875 0.0265625
2 0.28359375 0.915625 0.3109375 0.16875
2 0.67734375 0.784375 0.4765625 0.43125