1 0.0046875 0.2953125 0.009375 0.059375
1 0.09375 0.284375 0.0484375 0.0421875
1 0.32109375 0.20859375 0.06875 0.0890625
1 0.34375 0.215625 0.046875 0.0765625
1 0.38125 0.2203125 0.0484375 0.0828125
1 0.40859375 0.21640625 0.0453125 0.0703125
1 0.421875 0.2125 0.05 0.0703125
1 0.46875 0.20625 0.028125 0.0578125
1 0.48203125 0.2015625 0.025 0.0515625
3 0.7078125 0.17578125 0.396875 0.3515625
2 0.39296875 0.68984375 0.2328125 0.6203125
1 0.5171875 0.4359375 0.015625 0.034375
1 0.925 0.3875 0.075 0.015625