1 0.275 0.25 0.55 0.5
1 0.78203125 0.01796875 0.0671875 0.0359375
1 0.5953125 0.0328125 0.090625 0.065625
1 0.5578125 0.04296875 0.015625 0.0859375
1 0.690625 0.0296875 0.0421875 0.059375
1 0.64140625 0.05625 0.05 0.0578125
1 0.61328125 0.08125 0.034375 0.040625
1 0.565625 0.08515625 0.03125 0.0609375
1 0.590625 0.11015625 0.03125 0.0375
1 0.6734375 0.06171875 0.0296875 0.040625
1 0.6171875 0.10078125 0.0171875 0.0234375
1 0.7390625 0.040625 0.0234375 0.0359375
1 0.74765625 0.05234375 0.0203125 0.0296875
1 0.75546875 0.04921875 0.015625 0.025
1 0.7875 0.0296875 0.0203125 0.028125
1 0.83515625 0.015625 0.0234375 0.03125
1 0.6734375 0.0828125 0.021875 0.025
1 0.64296875 0.1015625 0.0171875 0.025
1 0.65625 0.1 0.0171875 0.025
1 0.70546875 0.08125 0.015625 0.0203125
1 0.76953125 0.05859375 0.0140625 0.0171875
1 0.578125 0.13046875 0.0234375 0.0265625
1 0.63359375 0.1140625 0.0171875 0.01875
1 0.6765625 0.09453125 0.0109375 0.01875
1 0.6234375 0.121875 0.015625 0.01875
1 0.609375 0.1234375 0.0171875 0.01875
1 0.59453125 0.128125 0.0125 0.01875
1 0.55703125 0.14765625 0.0109375 0.0171875
1 0.8234375 0.02890625 0.021875 0.021875
1 0.8515625 0.01875 0.01875 0.021875
1 0.89375 0.003125 0.009375 0.00625
3 0.275 0.75 0.55 0.5
3 0.6421875 0.6609375 0.184375 0.321875
3 0.7859375 0.56796875 0.165625 0.1359375
3 0.7046875 0.5734375 0.11875 0.146875