1 0.496875 0.7359375 0.1609375 0.11875
1 0.0203125 0.75546875 0.040625 0.09375
1 0.0359375 0.74609375 0.071875 0.1171875
1 0.10234375 0.740625 0.0734375 0.1046875
1 0.125 0.7515625 0.0546875 0.121875
1 0.18046875 0.74296875 0.059375 0.096875
1 0.253125 0.746875 0.1125 0.09375
1 0.24375 0.684375 0.0578125 0.01875
1 0.26484375 0.696875 0.078125 0.025
1 0.3546875 0.70625 0.1125 0.0421875
1 0.37421875 0.7390625 0.075 0.078125
1 0.57890625 0.72734375 0.025 0.0671875
1 0.6734375 0.73671875 0.1265625 0.1171875
1 0.76875 0.73046875 0.078125 0.103125
1 0.8140625 0.7109375 0.0375 0.090625
1 0.85625 0.7359375 0.078125 0.0984375
1 0.93359375 0.72890625 0.090625 0.1140625
1 0.975 0.73125 0.05 0.09375