1 0.1921875 0.565625 0.3046875 0.4921875
1 0.54375 0.540625 0.44375 0.3609375
1 0.58671875 0.146875 0.015625 0.0203125
1 0.7046875 0.5609375 0.234375 0.278125
1 0.5984375 0.146875 0.0078125 0.0171875
1 0.62265625 0.1421875 0.01875 0.0140625
1 0.6421875 0.146875 0.0234375 0.025
1 0.66640625 0.14375 0.0203125 0.021875
1 0.69453125 0.14296875 0.0140625 0.0203125
1 0.73515625 0.1421875 0.0203125 0.025
1 0.83515625 0.1421875 0.01875 0.021875
1 0.91953125 0.14296875 0.015625 0.0234375
1 0.97421875 0.1265625 0.0234375 0.0234375