3 0.1818817140625 0 0 0.07720420781250001 0 0.5296875 0.35 0.5296875 0.35 0.0912712203125 0.3317823828125 0.061981360937499994 0.2792819234375 0 0.1818817140625 0
3 0.615625 0.390625 0.31875 0.278125
3 0.35 1 0.35 0.9272930531249999 0.344691459375 0.91503465 0.32481391406250004 0.908195225 0.2820887265625 0.8635257812500001 0.2591585953125 0.8494949109375 0.24294415468750002 0.85128521875 0.23963306874999998 0.8594804437500001 0.2483975671875 0.8761293921875 0.2690616375 0.8928195859375 0.28062022343750004 0.9320466484375001 0.2676756234375 0.9375413046875 0.246359790625 0.9313123953125 0.1993720125 0.93258570625 0.129547621875 0.9520397718750001 0.09733599375 0.9521332921875001 0.043621493750000004 0.8815746499999999 0.020897585937499998 0.8080459093749999 0.0112640734375 0.8053453421875 0 0.8101266562499999 0 1 0.35 1
3 0.1296875 0.6375 0.171875 0.215625
1 0.3578125 0.9359375 0.015625 0.046875
1 0.359375 0.93359375 0.01875 0.0421875
1 0.4015625 0.934375 0.0109375 0.0109375
1 0.4265625 0.9375 0.025 0.0296875
1 0.4984375 0.89921875 0.0234375 0.0390625
1 0.49765625 0.8125 0.0390625 0.059375
1 0.5109375 0.77421875 0.0734375 0.1109375
1 0.57421875 0.7828125 0.0515625 0.071875
1 0.7171875 0.84140625 0.03125 0.040625
1 0.73984375 0.7125 0.0640625 0.103125
1 0.78828125 0.6578125 0.1234375 0.1375
1 0.88046875 0.7171875 0.0609375 0.071875