3 0 0 0 0.5 0.359375 0.5 0.359375 0.2436443203125 0.35047178749999996 0.24229081406250003 0.3353068421875 0.2320684328125 0.3076188953125 0.1945687109375 0.2810445828125 0.12030897031250001 0.260176990625 0.0812890859375 0.24349188125 0.0642463515625 0.2256768390625 0.058194228125000004 0.1968793359375 0.06389687499999999 0.1760443453125 0.0764158 0.13098048906249998 0.1279831359375 0.1245381375 0.1279872109375 0.12109128281249999 0.07076613125 0.10017568125000001 0 0 0
3 0.4702504078125 0 0.4718805921875 0.05685936874999999 0.4448746734375 0.178952740625 0.40927433906250005 0.2252880234375 0.395937115625 0.320116359375 0.6104650640625 0.41041181406250005 0.7006488765625 0.4758394 0.8160560671875 0.5 0.8782970750000001 0.5 0.9177253765625 0.48702041406249996 0.9292161 0.5 1 0.5 1 0 0.4702504078125 0
3 0.10625 0.79375 0.2125 0.403125
1 0.7875 0.9421875 0.040625 0.0296875
1 0.7375 0.925 0.028125 0.040625
1 0.6109375 0.8515625 0.0421875 0.040625
1 0.57421875 0.87109375 0.03125 0.0265625
1 0.53046875 0.83203125 0.0234375 0.021875
1 0.50234375 0.81328125 0.01875 0.0171875
1 0.4921875 0.828125 0.0234375 0.021875
1 0.4578125 0.825 0.05625 0.053125