1 0.39140625 0.06796875 0.0390625 0.05
1 0.259375 0.3890625 0.51875 0.459375
1 0.31875 0.09609375 0.05 0.0703125
1 0.2875 0.10234375 0.0453125 0.053125
1 0.28984375 0.1140625 0.0390625 0.053125
1 0.2609375 0.1125 0.059375 0.065625
1 0.23125 0.11796875 0.0390625 0.0484375
1 0.20234375 0.13359375 0.040625 0.040625
1 0.01484375 0.23984375 0.0296875 0.0703125
0 0.8921875 0.55625 0.215625 0.125
3 0.21796875 0.92109375 0.1953125 0.1578125
4 1 0.6695667375000001 0.994704096875 0.6570903718750001 0.9918887078124999 0.6554563703125 0.9857835328125001 0.6410734828125 0.98296814375 0.6394394812499999 0.9758454406249999 0.62265944375 0.97303005 0.62102544375 0.97206418125 0.61875 0.51875 0.61875 0.51875 1 0.9099965031249999 1 1 0.96179578125 1 0.6695667375000001