1 0.18984375 0.29453125 0.3796875 0.3296875
1 0.1390625 0.24765625 0.0890625 0.121875
1 0.20390625 0.18046875 0.1625 0.1234375
1 0.35078125 0.22265625 0.234375 0.2203125
1 0.38671875 0.1375 0.284375 0.228125
1 0.434375 0.25703125 0.26875 0.2484375
3 0.84296875 0.21015625 0.3140625 0.4203125
3 0.703125 0.303125 0.221875 0.3125
1 0.078125 0.77109375 0.15625 0.4578125
1 0.284375 0.7296875 0.56875 0.540625
1 0.284375 0.7296875 0.56875 0.540625
1 0.43984375 0.56875 0.2578125 0.21875
1 0.834375 0.5875 0.33125 0.25625