1 0.2625 0.2046875 0.4125 0.409375
1 0.234375 0.7046875 0.46875 0.590625
1 0.240625 0.80390625 0.3375 0.3921875
1 0.12734375 0.8265625 0.2546875 0.346875
1 0.8078125 0.64140625 0.384375 0.4640625
1 0.8453125 0.70234375 0.309375 0.5296875
1 0.7765625 0.69609375 0.440625 0.55
1 0.7546875 0.80234375 0.440625 0.3953125
1 0.57109375 0.89609375 0.15 0.128125
1 0.63125 0.8734375 0.29375 0.253125
1 0.659375 0.8609375 0.259375 0.278125
1 0.53515625 0.94296875 0.1328125 0.1140625
1 0.49375 0.96953125 0.0453125 0.0546875
1 0.47578125 0.96640625 0.0140625 0.0390625