1 0.01484375 0.4171875 0.021875 0.0390625
1 0.153125 0.46484375 0.0375 0.034375
1 0.18515625 0.4390625 0.028125 0.021875
1 0.2359375 0.46875 0.021875 0.01875
1 0.26640625 0.48203125 0.015625 0.0140625
1 0.2734375 0.46484375 0.0203125 0.01875
1 0.3078125 0.4625 0.0484375 0.0453125
3 0.74453125 0.1859375 0.5109375 0.371875
2 0.23203125 0.5765625 0.3828125 0.09375
3 1 0.5296875 0.730556915625 0.5296875 0.73170398125 0.5618518906250001 0.72473320625 0.6052966078125 0.702158846875 0.647923575 0.703725840625 0.6777339390625 0.744962634375 0.726834396875 0.7604844453124999 0.7292125046875 0.770255471875 0.7219013609375 0.785613734375 0.7274001859375 0.7898041609375 0.7370076625 0.7826632015625 0.753844509375 0.7882504375 0.766654478125 0.799172946875 0.7672269015625 0.80590503125 0.75819185 0.800563121875 0.7407008046875 0.8243773750000001 0.7341256359375 0.8687348874999999 0.78338964375 0.96679215625 0.793222540625 1 0.793836109375 1 0.5296875
3 0.87265625 0.91328125 0.2546875 0.1734375