1 0.66640625 0.096875 0.0671875 0.0640625
1 0.65703125 0.0765625 0.0546875 0.0640625
1 0.6828125 0.125 0.0140625 0.0265625
1 0.67421875 0.128125 0.015625 0.0234375
1 0.6546875 0.11484375 0.034375 0.04375
1 0.66015625 0.14375 0.0234375 0.01875
1 0.6328125 0.11796875 0.04375 0.0484375
1 0.6421875 0.14296875 0.0125 0.0125
1 0.63671875 0.15078125 0.01875 0.0234375
1 0.62109375 0.13359375 0.025 0.034375
1 0.61640625 0.153125 0.0140625 0.021875
1 0.6 0.15625 0.03125 0.0359375
1 0.578125 0.16875 0.028125 0.0296875
1 0.55703125 0.15546875 0.0359375 0.046875
1 0.54921875 0.16015625 0.025 0.0421875
1 0.515625 0.19140625 0.0109375 0.0109375
1 0.5 0.21015625 0.025 0.0296875
1 0.42109375 0.23125 0.021875 0.0390625
1 0.3625 0.16796875 0.0375 0.059375
1 0.3265625 0.14921875 0.06875 0.1109375
1 0.2859375 0.1984375 0.0484375 0.071875
1 0.221875 0.3390625 0.0296875 0.0390625
1 0.1171875 0.26015625 0.0609375 0.1046875
1 0.05234375 0.25234375 0.1046875 0.1359375
1 0.0234375 0.359375 0.046875 0.071875
1 0.98203125 0.46640625 0.0359375 0.2265625
1 0.8546875 0.35234375 0.290625 0.5328125
1 0.83203125 0.34921875 0.2453125 0.5390625
3 0.55234375 0.809375 0.3140625 0.38125
3 0.91796875 0.81328125 0.1640625 0.3734375
3 0.8390625 0.81640625 0.259375 0.3671875