1 0.12578125 0.6296875 0.0203125 0.0734375
1 0.2390625 0.58828125 0.053125 0.05
1 0.24140625 0.61015625 0.0390625 0.0546875
1 0.23359375 0.55625 0.00625 0.0265625
1 0.24296875 0.55625 0.009375 0.0203125
1 0.25625 0.575 0.021875 0.0390625
1 0.2609375 0.54609375 0.0203125 0.0125
1 0.278125 0.5796875 0.03125 0.040625
1 0.278125 0.553125 0.009375 0.009375
1 0.2859375 0.54765625 0.0125 0.0203125
1 0.29453125 0.56875 0.015625 0.03125
1 0.30546875 0.55234375 0.0078125 0.0203125
1 0.321875 0.5546875 0.0234375 0.0296875
1 0.346875 0.55078125 0.021875 0.025
1 0.3625 0.5703125 0.0234375 0.0421875
1 0.37109375 0.56875 0.0125 0.040625
1 0.41328125 0.55078125 0.009375 0.0078125
1 0.434375 0.53828125 0.0171875 0.0265625
1 0.515625 0.5453125 0.009375 0.0390625
1 0.54921875 0.625 0.01875 0.0578125
1 0.5765625 0.65546875 0.034375 0.10625
1 0.63125 0.62265625 0.028125 0.0671875
1 0.73984375 0.5125 0.0203125 0.0359375
1 0.8109375 0.62265625 0.028125 0.1015625
1 0.8765625 0.65390625 0.0859375 0.1140625
1 0.93828125 0.56328125 0.040625 0.0609375