1 0.19453125 0.15546875 0.3890625 0.3109375
1 0.03515625 0.1890625 0.0703125 0.321875
1 0.24140625 0.303125 0.2953125 0.453125
1 0.54609375 0.26484375 0.3140625 0.5296875
1 0.68671875 0.26484375 0.5953125 0.5296875
1 0.75625 0.26484375 0.4875 0.5296875
1 0.8734375 0.31328125 0.253125 0.4328125
3 0.19453125 0.76484375 0.3890625 0.4703125
3 0.44375 0.6953125 0.109375 0.290625
3 1 0.5296875 0.6315801328124999 0.5296875 0.67196304375 0.5881743859374999 0.6730445890625 0.621302365625 0.6792888265625 0.6297209625 0.685443875 0.6286356609375 0.69476188125 0.6634845390625 0.767986865625 0.6648524359375 0.8781458984375 0.63273559375 1 0.5805779390625 1 0.5296875
3 0.5328501265625001 0.546066375 0.5611571453125 0.7156015328125 0.5671300578125 0.7224813671875 0.6332076390625 0.7013104828125 0.643075809375 0.6852910203125 0.6097769625 0.61341890625 0.602090665625 0.5608296687500001 0.605985921875 0.5379303734375 0.5981115953125 0.5296875 0.5866780078125 0.5296875 0.5667028937499999 0.5400972187499999 0.5458850109375 0.5390081609374999 0.5335749140625 0.5411787625 0.5328501265625001 0.546066375