1 0.26484375 0.36796875 0.5296875 0.3828125
1 0.1984375 0.30078125 0.3953125 0.278125
1 0.290625 0.2765625 0.2359375 0.1796875
1 0.36171875 0.25 0.3359375 0.28125
1 0.4265625 0.1859375 0.0828125 0.0703125
3 0.5390625 0.1828125 0.01875 0.04375
3 0.7890625 0.45625 0.05 0.046875
3 0.7453125 0.53046875 0.028125 0.03125
3 0.84453125 0.2609375 0.0296875 0.0359375
3 0.97734375 0.33359375 0.0453125 0.1234375
3 0.93671875 0.38125 0.025 0.034375
3 0.08515625 0.95859375 0.1671875 0.0828125
3 0.29609375 0.74765625 0.0625 0.0609375
3 0.30546875 0.85 0.075 0.0671875
3 0.76484375 0.7796875 0.4703125 0.440625