1 0.24921875 0.25 0.271875 0.3203125
1 0.41484375 0.34296875 0.0484375 0.2828125
1 0.37578125 0.2625 0.1265625 0.225
3 0.46640625 0.35234375 0.0546875 0.1015625
3 0.5640625 0.309375 0.0890625 0.08125
3 0.6515625 0.03203125 0.075 0.059375
3 0.95859375 0.41328125 0.05 0.046875
3 0.99453125 0.4859375 0.0109375 0.03125
3 0.9 0.21953125 0.0296875 0.0359375
3 0.73671875 0.2953125 0.10625 0.1234375
3 0.81015625 0.340625 0.025 0.034375
3 0.59921875 0.14609375 0.059375 0.0609375
3 0.53828125 0.2265625 0.0328125 0.040625
1 0.21953125 0.8296875 0.4390625 0.340625
3 0.73515625 0.87734375 0.3828125 0.2453125
3 0.52890625 0.8375 0.1796875 0.325
3 0.90703125 0.896875 0.1859375 0.20625
3 0.7484375 0.725 0.203125 0.13125