1 0.284375 0.2 0.56875 0.4
3 0.61171875 0.3546875 0.0515625 0.06875
3 0.41796875 0.6953125 0.090625 0.059375
3 0.41171875 0.84765625 0.034375 0.034375
3 0.35859375 0.759375 0.040625 0.0328125
3 0.315625 0.7125 0.0453125 0.0375
3 0.29609375 0.66171875 0.04375 0.034375
3 0.2328125 0.7453125 0.053125 0.0421875
3 0.13203125 0.68046875 0.04375 0.0390625
3 0.03203125 0.6125 0.0515625 0.0453125
3 0.27734375 0.55546875 0.0375 0.03125
3 0.34140625 0.57890625 0.0421875 0.040625
3 0.115625 0.8953125 0.096875 0.0609375
3 0.2765625 0.85546875 0.040625 0.0359375
3 0.784375 0.7 0.43125 0.6