4 0.4653087078125 0 0.466650940625 0.0188144421875 0.47962964531249996 0.061420109375 0.467193528125 0.1465238890625 0.47205835937499996 0.16667403593750002 0.46491285937500004 0.23465893124999998 0.470186003125 0.25092422812500004 0.47830861406249997 0.2566876578125 0.49049689687500003 0.25698675625 0.5097957375 0.2560693203125 0.5853753171875 0.23455480468749998 0.6434847328125 0.2131679828125 0.6841239875 0.1919088578125 0.6910303890625 0.19263475000000002 0.7038311421875 0.1871065703125 0.7131874296875 0.16452335625 0.7247719765625 0.153957640625 0.72397281875 0.1283431625 0.7061118125 0.098971528125 0.7081533828125 0.079547271875 0.7162847296875 0.0686186109375 0.7345715203125 0.060721212499999996 0.7463602234375 0.048213071875 0.7547847859375 0 0.4653087078125 0
1 0.0234375 0.79453125 0.046875 0.4109375
3 0.21953125 0.76640625 0.05 0.075
3 0.67109375 0.8171875 0.0328125 0.025
3 0.540625 0.76953125 0.01875 0.0171875
3 0.57109375 0.8203125 0.01875 0.01875
3 0.54453125 0.85078125 0.053125 0.0328125
3 0.4875 0.86640625 0.0203125 0.0203125
3 0.6578125 0.88046875 0.0234375 0.028125
3 0.76015625 0.9703125 0.0265625 0.0234375
3 0.71484375 0.93671875 0.015625 0.0125
3 0.840625 0.984375 0.0265625 0.015625
3 0.76953125 0.7921875 0.0515625 0.0296875