1 0.28984375 0.23515625 0.4203125 0.4703125
3 0.58515625 0.30625 0.01875 0.0171875
3 0.5578125 0.33125 0.0203125 0.015625
3 0.50390625 0.35390625 0.0078125 0.0265625
3 0.615625 0.39140625 0.0109375 0.0109375
3 0.546875 0.47734375 0.090625 0.0609375
3 0.7390625 0.42109375 0.021875 0.01875
1 0.16953125 0.96015625 0.2265625 0.0796875
1 0.38125 0.903125 0.2375 0.19375
1 0.3546875 0.90859375 0.290625 0.1828125
1 0.334375 0.921875 0.33125 0.15625
1 0.4640625 0.88125 0.071875 0.2375
4 1 0.5390625 0.5 0.5390625 0.5 1 1 1 1 0.7158272765625 0.9996230359375 0.71564341875 0.997715409375 0.710103271875 0.9784296453125 0.6960872390625 0.9709209609375 0.6862786937500001 0.9714959265625 0.6819493859375 0.9677415843749999 0.6770451140625 0.9645622078124999 0.667811534375 0.9657730484375 0.6653289421874999 0.96265458125 0.6622713859375 0.9662871031250001 0.6548236125 0.9576284890625001 0.65367368125 0.9557208640624999 0.6481335328125 0.96186643125 0.6449846124999999 0.9717967968749999 0.649827975 0.9773369453124999 0.6479203484375 0.98542059375 0.6533995859374999 1 0.64837949375 1 0.6359251765625 0.99883120625 0.6353551171875 1 0.63405455 1 0.5390625