1 0.46328125 0.2 0.7109375 0.4
3 0.953125 0.39296875 0.021875 0.0140625
3 0.9765625 0.178125 0.021875 0.01875
3 0.69453125 0.5796875 0.20625 0.2921875
3 0.65703125 0.44921875 0.0984375 0.0984375
3 0.1703125 0.4171875 0.109375 0.034375
3 0.44375 0.559375 0.103125 0.0984375
3 0.5203125 0.6140625 0.06875 0.065625
3 0.96875 0.82890625 0.0578125 0.075
3 0.8859375 0.8171875 0.1140625 0.1234375
3 0.978125 0.70859375 0.025 0.0296875
3 0.934375 0.76015625 0.0296875 0.0328125
3 0.99375 0.76484375 0.0125 0.0390625
3 0.996875 0.55546875 0.00625 0.0296875
3 0.94453125 0.490625 0.034375 0.0375
3 0.8875 0.47421875 0.0390625 0.04375