1 0.3484375 0.2125 0.140625 0.33125
1 0.13828125 0.21015625 0.2765625 0.4203125
1 0.12265625 0.41484375 0.2453125 0.2296875
1 0.11796875 0.40234375 0.2359375 0.2546875
1 0.07265625 0.41875 0.1453125 0.221875
3 0.365625 0.62265625 0.0203125 0.0171875
3 0.0609375 0.7421875 0.040625 0.0390625
3 0.025 0.8234375 0.03125 0.034375
3 0.06171875 0.89453125 0.0359375 0.0375
3 0.03359375 0.9265625 0.028125 0.0375
3 0.1578125 0.88125 0.0234375 0.0171875
3 0.05390625 0.9828125 0.0375 0.0328125
3 0.16875 0.66953125 0.0234375 0.0296875
3 0.59453125 0.76484375 0.3515625 0.4703125