1 0.19296875 0.18984375 0.3859375 0.3796875
3 0.69453125 0.18984375 0.6109375 0.3796875
3 0.199832025 0.46168724843750003 0.1896542546875 0.45546423750000004 0.1858651796875 0.46095527656249996 0.1773182890625 0.55723081875 0.1603778078125 0.6132391609375001 0.1591883546875 0.6359352875 0.15161020625 0.6469173640625 0.1504207515625 0.669613490625 0.146929040625 0.6694304984375 0.14365804375 0.73184484375 0.1500467390625 0.7435588921875 0.18845556875 0.7455718140625 0.1960337171875 0.7345897375 0.2813216140625 0.71061140625 0.2958831875 0.6999953156250001 0.3037587015625 0.68333920625 0.3012357296875 0.59786275 0.29165268437499997 0.580291678125 0.2846692609375 0.5799256921875 0.27218923125 0.5508235640625 0.27286060624999997 0.47120412968750003 0.27635231875 0.47138712343750006 0.27932595312499997 0.4146468078125 0.27613160312499996 0.408789784375 0.2447061984375 0.4071428484375 0.23496985625 0.526114515625 0.21862410312499997 0.5707747953125 0.194479484375 0.5638198140624999 0.199832025 0.46168724843750003
3 0.71328125 0.6609375 0.03125 0.0296875
3 0.58984375 0.7109375 0.0671875 0.0375
3 0.60703125 0.75234375 0.01875 0.0140625
3 0.65625 0.71953125 0.0234375 0.028125
3 0.665625 0.79296875 0.0265625 0.0296875
3 0.63046875 0.81171875 0.01875 0.03125
3 0.753125 0.8125 0.0203125 0.0125
3 0.63046875 0.86640625 0.0296875 0.025
3 0.8296875 0.63125 0.0171875 0.025