1 0.66484375 0.30390625 0.0296875 0.1296875
1 0.6609375 0.34609375 0.0375 0.0671875
1 0.63046875 0.18984375 0.0984375 0.1515625
1 0.64453125 0.221875 0.0703125 0.121875
1 0.5984375 0.26796875 0.09375 0.10625
1 0.5921875 0.33359375 0.0484375 0.0828125
1 0.46875 0.15390625 0.153125 0.165625
1 0.45546875 0.2875 0.0921875 0.1046875
1 0.46953125 0.24609375 0.0484375 0.075
1 0.44296875 0.29765625 0.0578125 0.075
1 0.4140625 0.2578125 0.0703125 0.1078125
1 0.390625 0.31328125 0.0609375 0.0421875
1 0.34453125 0.15703125 0.125 0.1453125
1 0.334375 0.26875 0.05 0.090625
1 0.27734375 0.1640625 0.0921875 0.115625
1 0.18828125 0.265625 0.0734375 0.0640625
1 0.22421875 0.17265625 0.053125 0.103125
1 0.20625 0.12890625 0.0890625 0.1625
1 0.14296875 0.24609375 0.0765625 0.0921875
1 0.15859375 0.1640625 0.0859375 0.1125
1 0.16171875 0.1796875 0.0453125 0.05625
1 0.0765625 0.13984375 0.0671875 0.1
1 0.06796875 0.1703125 0.075 0.1234375
1 0.015625 0.18046875 0.03125 0.0921875
1 0.01953125 0.1203125 0.0390625 0.090625
3 0.83984375 0.2296875 0.3203125 0.459375
1 0.13671875 0.8171875 0.2734375 0.246875
1 0.36328125 0.8484375 0.3015625 0.2046875
1 0.83984375 0.7390625 0.3203125 0.521875