1 0.0328125 0.1609375 0.065625 0.053125
1 0.02578125 0.06171875 0.034375 0.1
1 0.05546875 0.0515625 0.0609375 0.103125
1 0.08203125 0.15546875 0.0640625 0.0828125
1 0.090625 0.07265625 0.06875 0.1046875
1 0.08359375 0.08671875 0.0375 0.0515625
1 0.1765625 0.0734375 0.0515625 0.09375
1 0.17578125 0.1046875 0.0546875 0.11875
1 0.23515625 0.134375 0.0453125 0.0875
1 0.2421875 0.07421875 0.0359375 0.0859375
3 0.40625 0.1953125 0.275 0.390625
3 0.7890625 0.43125 0.421875 0.18125
3 0.18125 0.7859375 0.175 0.365625
0 0.553125 0.7578125 0.56875 0.4375