1 0.20625 0.67109375 0.15 0.1421875
1 0.2390625 0.5671875 0.09375 0.1109375
1 0.2671875 0.51640625 0.040625 0.059375
1 0.3296875 0.6625 0.09375 0.1328125
1 0.31953125 0.63203125 0.046875 0.1140625
1 0.3546875 0.57578125 0.0734375 0.090625
1 0.34453125 0.5109375 0.03125 0.078125
1 0.5078125 0.6546875 0.1234375 0.140625
1 0.48828125 0.521875 0.071875 0.090625
1 0.48515625 0.565625 0.0328125 0.06875
1 0.4984375 0.509375 0.04375 0.065625
1 0.5359375 0.540625 0.0484375 0.0984375
1 0.5453125 0.48125 0.0546875 0.03125
1 0.628125 0.621875 0.0984375 0.125
1 0.6109375 0.5109375 0.03125 0.0859375
1 0.69140625 0.59921875 0.06875 0.103125
1 0.753125 0.47890625 0.0625 0.05
1 0.740625 0.57734375 0.0296875 0.0984375
1 0.76875 0.615625 0.053125 0.153125
1 0.8015625 0.48671875 0.059375 0.08125
1 0.80625 0.5703125 0.0640625 0.1015625
1 0.8 0.55546875 0.034375 0.05
1 0.8921875 0.5734375 0.046875 0.0921875
1 0.89296875 0.5421875 0.0484375 0.115625
1 0.95390625 0.515625 0.040625 0.0859375
1 0.9578125 0.5765625 0.0328125 0.0859375