4 0.3554627859375 0 0.35587815 0.0027175671875 0.3499808859375 0.0107428015625 0.3469129734375 0.0103897296875 0.344198134375 0.006968743750000001 0.33782851875 0.0136962 0.3300418421875 0.016530318750000002 0.32921641562500004 0.0183004515625 0.3066818140625 0.025032673437500003 0.30762652031250004 0.027628232812499997 0.30597566718749997 0.031168496875 0.30338010937500004 0.032113203125 0.294061859375 0.042853278125 0.2871006109375 0.0439172640625 0.258788025 0.0630404125 0.24581023124999998 0.06776394375 0.22870530625000002 0.0813381359375 0.21785071875 0.08381918125 0.2117148953125 0.08311303437499999 0.1931929109375 0.0927938890625 0.1898912046875 0.09987441875 0.1804536765625 0.10624880156250001 0.1763265453125 0.1150994640625 0.171135428125 0.11698887499999999 0.16865914843750002 0.1222992734375 0.1626426046875 0.1259588171875 0.1534436359375 0.1410645828125 0.150848078125 0.14200928906250002 0.14672094687499998 0.1508599515625 0.14412538749999998 0.15180465625 0.1365772703125 0.1633701578125 0.1339817125 0.1643148640625 0.1290291546875 0.1749356578125 0.12218718437500001 0.180365334375 0.10721023125 0.20786202656250002 0.1046146734375 0.2088067328125 0.104733953125 0.2131724234375 0.1013129671875 0.21588726249999998 0.092233278125 0.23535871875 0.0896377203125 0.236303425 0.089757 0.24066911562499999 0.0872807203125 0.2459795140625 0.0838597359375 0.24869435156250003 0.0840982953125 0.257425734375 0.0815027359375 0.258370440625 0.0773756046875 0.2672211015625 0.0783203109375 0.2698166609375 0.07584403281249999 0.2751270578125 0.07324847343749999 0.2760717640625 0.073367753125 0.28043745468750003 0.0684151953125 0.29105824999999996 0.0658196375 0.29200295625 0.06676434375 0.2945985140625 0.064168784375 0.2955432203125 0.0490725515625 0.318674221875 0.038809596875000005 0.3268187375 0.0355078921875 0.33389926718749996 0.0329123328125 0.334843971875 0.025483496875 0.3507751640625 0.0228879375 0.3517198703125 0.01050654375 0.37827185625 0.007910984375000001 0.3792165625 0.0046092796875000005 0.3862970921875 0.0020137203125 0.3872417984375 0.0011647140625 0.3890625 0.55 0.3890625 0.55 0.171624384375 0.5483740578125 0.172216178125 0.5260875484375 0.22000975312499998 0.5234919890625 0.220954459375 0.5168885796875 0.23511551874999997 0.5108720359375 0.23877506249999997 0.505919478125 0.2493958578125 0.507808890625 0.254586975 0.5029756125 0.269573459375 0.500380053125 0.27051816562500003 0.4946020703125 0.28290909218750004 0.4869346734375 0.2901089015625 0.4778502171875 0.2934153734375 0.474309953125 0.2917645203125 0.4687657625 0.2967218453125 0.4596813078125 0.300028315625 0.4419799828125 0.29177405312500004 0.4405629234375 0.287880715625 0.4446900546875 0.279030053125 0.44327299687500005 0.27513671562500003 0.43619246718750004 0.2718350109375 0.4347754078125 0.267941671875 0.43725168593749997 0.262631275 0.43984724531249997 0.26168656874999996 0.444799803125 0.251065775 0.45081634687500005 0.2474062296875 0.44892693437500003 0.2422151125 0.45953819687499997 0.2148377 0.46980115156249996 0.206693184375 0.4739282828125 0.1978425234375 0.481714959375 0.1950084046875 0.48077025312500005 0.1924128453125 0.4824211046875 0.18887258125 0.487612221875 0.18698316875 0.4866675171875 0.184387609375 0.48831836875 0.1808473453125 0.49905367656250005 0.174000609375 0.500823809375 0.17482603593749999 0.5028325015624999 0.18438284375 0.5090828390625 0.173289696875 0.511678396875 0.172344990625 0.5115591171875 0.1679793 0.537972759375 0.1113350625 0.53443249375 0.10968420937500001 0.536083346875 0.1061439453125 0.5396236109375 0.10779479843749999 0.5429253171874999 0.10071426875 0.5424529640625 0.0994164890625 0.5398574046875 0.10036119531250001 0.539265771875 0.094697725 0.540916625 0.091157459375 0.5435121828125 0.090212753125 0.548464740625 0.079591959375 0.55 0.0786581421875 0.55 0 0.3554627859375 0
0 0.775 0.19453125 0.45 0.3890625
1 0.2484375 0.50078125 0.0390625 0.0390625
1 0.27890625 0.4953125 0.0421875 0.034375
1 0.2453125 0.47578125 0.0203125 0.0234375
1 0.22265625 0.471875 0.0375 0.0390625
1 0.17265625 0.4390625 0.0265625 0.0234375
1 0.071875 0.415625 0.0421875 0.0375
1 0.0671875 0.3953125 0.028125 0.0125
1 0.38828125 0.534375 0.021875 0.01875
1 0.4546875 0.56640625 0.0203125 0.021875
1 0.52109375 0.63125 0.0328125 0.0359375
1 0.43046875 0.60234375 0.0515625 0.0515625
1 0.45546875 0.6078125 0.034375 0.0390625
3 1 0.513368346875 0.94941588125 0.509777484375 0.8583029015625 0.5395357875 0.7853277000000001 0.6171582296875 0.707332946875 0.7449818203125 0.5840344265625 0.8910862734375 0.5739720875 0.9126650296875001 0.6288559953124999 0.9448255421875 0.6046994078125 0.9729674953125 0.5775101734375 0.960288946875 0.55 0.9723377203125001 0.55 1 0.605269071875 1 0.613762484375 0.977193678125 0.66711845 0.9495321656250001 0.717947209375 0.8878535718749999 0.7471465875 0.8883340140625 0.7547049609375 0.9115617203124999 0.7366020484375 0.9819329 0.728449365625 1 0.7962860187499999 1 0.8277150265625 0.9521745984375001 0.8564089625 0.945851621875 0.958588071875 1 0.9614614453125 1 1 0.9883936546875001 1 0.513368346875