4 0.22115310937500002 0.1008536453125 0.216288734375 0.10594568906249999 0.2082557671875 0.106512515625 0.2014679390625 0.11126540468749999 0.19151152031250002 0.11149307343749999 0.185854996875 0.1154538140625 0.18325323124999998 0.1189615625 0.1885729453125 0.1337823578125 0.1863103359375 0.135366653125 0.1852928671875 0.1411370109375 0.175224959375 0.15324455312500002 0.1679864890625 0.17180076718749998 0.159842034375 0.184247465625 0.15136311875 0.23233378125 0.152947415625 0.234596390625 0.1509124765625 0.24613710625000002 0.1527244421875 0.2583561359375 0.15396958125 0.262542196875 0.159061625 0.267406571875 0.1608735921875 0.2796256015625 0.159516965625 0.2873194125 0.1510333546875 0.3016895640625 0.1509218671875 0.3135694359375 0.1525061640625 0.3158320453125 0.14900311093750002 0.34694644375 0.15058740625 0.349209053125 0.1495699375 0.3549794109375 0.1596425390625 0.376588034375 0.1614545046875 0.3888070625 0.1588527390625 0.3923148109375 0.159758721875 0.3984243265625 0.1580629390625 0.4080415890625 0.1558003296875 0.40962588593750004 0.15704546875 0.413811946875 0.15025764218749998 0.41856483593749993 0.1572731390625 0.4237683671875 0.15625566875000002 0.429538725 0.14935400625 0.429313403125 0.143016821875 0.420262965625 0.13724646406250002 0.419245496875 0.13283273281250002 0.410534215625 0.11359820624999999 0.40714265000000005 0.11077111875000001 0.41755206093749997 0.112355415625 0.4198146703125 0.1028519859375 0.423097096875 0.0959503234375 0.4228717765625 0.0952720109375 0.42671868125 0.098779759375 0.429320446875 0.098101446875 0.43316735156249997 0.0908606265625 0.43486548281250004 0.0716261 0.4314739171875 0.0682321875 0.43385036093749996 0.0665364046875 0.443467625 0.057711289062500004 0.44290314531249997 0.054317375 0.44527959062500005 0.0532999046875 0.4510499484375 0.0548842015625 0.4533125578125 0.0490070515625 0.49789112500000005 0.059307325 0.5294561671875 0.058289854687499996 0.535226525 0.061458446874999996 0.53975174375 0.05874519375 0.5551393640625 0.0644040640625 0.56803670625 0.0632751078125 0.5856869375 0.06768883906249999 0.5943982171875 0.0663322125 0.602092028125 0.0710851015625 0.60887985625 0.0728970671875 0.621098884375 0.078781259375 0.6270945640625001 0.08715573125000001 0.64146236875 0.0898736796875 0.6597909109375 0.096889178125 0.66499444375 0.09519339375 0.67461170625 0.096891525 0.681852525 0.1276667671875 0.68727903125 0.1325311421875 0.6821869859375 0.13524674375 0.6836574484375 0.135360578125 0.6886356578124999 0.25420016875 0.709375 0.259375 0.709375 0.259375 0.0907659828125 0.2543024484375 0.09281598125 0.248532090625 0.0917985125 0.22115310937500002 0.1008536453125
3 0.48515625 0.55390625 0.4515625 0.3109375
3 0.259375 0 0.259375 0.36459812187499996 0.6726974328125 0.4388022625 0.7417595921875 0.44304676406250004 0.7442015203125 0.42919790625000004 0.734965190625 0.400597021875 0.75196949375 0.31315890625 0.7491595375 0.2841045625 0.7315938015625 0.23975554375 0.7289584687499999 0.16472047031249998 0.738086825 0.06796059374999999 0.75459380625 0 0.7177555375 0 0.6653228140625 0.1297007265625 0.639167615625 0.15206112968750002 0.62893893125 0.147084328125 0.5949894609374999 0.09667320625 0.5959780593749999 0.0460761921875 0.582272746875 0 0.5526013453124999 0 0.551353959375 0.038207759375 0.5558810546874999 0.048525632812500004 0.5517182296875001 0.054138031249999996 0.5097181921875 0.040385875 0.45251266875 0.0318856015625 0.4456956703125 0 0.259375 0
3 0.88046875 0.2671875 0.2390625 0.5125
3 0.8578125 0.5875 0.284375 0.24375
3 0.09296875 0.71875 0.0390625 0.01875
3 0.0359375 0.79296875 0.0171875 0.025
3 0.03046875 0.7296875 0.0234375 0.0296875
3 0.08671875 0.7640625 0.028125 0.0328125
3 0.06015625 0.9390625 0.0765625 0.1109375
3 0.103125 0.82890625 0.0796875 0.05
1 0.6296875 0.8546875 0.740625 0.290625