4 0 0 0 0.5 0.45 0.5 0.45 0.3839165234375 0.44827533124999996 0.3812475171875 0.44401528125 0.38617067656250004 0.4303767109375 0.38521697499999996 0.418141534375 0.3921929859375 0.41229643281249995 0.39178425625 0.40413964843750005 0.3964349296875 0.390501078125 0.39548122812500003 0.38837105312500003 0.3979428078125 0.38252595 0.3975340796875 0.38021426875 0.40259348125 0.3724208 0.402048509375 0.370290775 0.4045100890625 0.3685240640625 0.4017760234375 0.36639404062500003 0.404237603125 0.3605489375 0.40382887343749996 0.354340521875 0.40861579062500003 0.34849541875 0.40820706093750003 0.34709202499999997 0.4002773484375 0.3423119359375 0.3986378296875 0.3435586046875 0.3948092171875 0.34745533906250003 0.395081703125 0.3490403921875 0.4004135921875 0.356652203125 0.4035563875 0.3589638859375 0.3984969859375 0.3745508234375 0.3995869296875 0.37881087343750003 0.39466376875 0.3866043421875 0.3952087421875 0.3908643921875 0.3902855828125 0.400606228125 0.3909667984375 0.40273625312499994 0.3885052171875 0.407698 0.38754691406249997 0.4078796578125 0.384949090625 0.4043462390625 0.37948095937500004 0.4094896421875 0.3759248328125 0.411438009375 0.376061075 0.414088075 0.380162175 0.41195804999999996 0.3826237546875 0.4128414046875 0.38399078750000004 0.4206348734375 0.384535759375 0.4227648984375 0.3820741796875 0.43835183750000006 0.383164125 0.44456025468749993 0.3783772078125 0.45 0.3787575921875 0.45 0 0 0
1 0.740625 0.44609375 0.0953125 0.0671875
1 0.72109375 0.45703125 0.0734375 0.0625
1 0.8765625 0.46015625 0.0390625 0.0640625
1 0.9125 0.45859375 0.0375 0.05625
1 0.9515625 0.4625 0.0359375 0.0671875
1 0.97578125 0.475 0.0390625 0.05
1 0.85546875 0.47890625 0.025 0.028125
1 0.79765625 0.46875 0.0265625 0.0515625
1 0.8109375 0.4796875 0.01875 0.040625
1 0.48046875 0.43828125 0.0609375 0.0453125
1 0.57734375 0.4515625 0.0578125 0.0515625
1 0.64921875 0.4578125 0.0265625 0.0265625
1 0.684375 0.4640625 0.0125 0.021875
1 0.33046875 0.690625 0.2390625 0.38125
3 1 0.6556664515625 0.9615930515625 0.6542391671875001 0.950028228125 0.6628283671874999 0.9399024218750001 0.7404360765625 0.9232255390624999 0.75493306875 0.8941881 0.7669994124999999 0.8835280031250001 0.785049771875 0.86373373125 0.7993287765625 0.85126418125 0.7984568203125 0.8459448140625 0.74013118125 0.818509521875 0.706886409375 0.822498865625 0.6946348484375 0.8457375062500001 0.6758977515625 0.8589372484375 0.6439281421875 0.75472275 0.6335081234375 0.7374681234375 0.633867878125 0.7068719906250001 0.645825228125 0.7042126703125 0.7286539890625 0.6814320953124999 0.8304378375000001 0.6703157609375 1 1 1 1 0.6556664515625
3 0.6413413078125 0.5973860421875 0.6838292484374999 0.5721634109375 0.700833115625 0.5529903359375 0.70593508125 0.5 0.45706071562500006 0.5 0.4517256328125 0.5762952453125 0.4954780546875 0.5777883984375001 0.5629706390625 0.59817109375 0.6413413078125 0.5973860421875