4 0.060991779687500004 0 0 0.0509601515625 0 0.3796875 0.3890625 0.3796875 0.3890625 0 0.060991779687500004 0
1 0.92578125 0.05703125 0.1453125 0.1140625
1 0.78125 0.07421875 0.23125 0.1484375
1 0.509375 0.071875 0.08125 0.140625
1 0.43359375 0.096875 0.0890625 0.19375
1 0.47578125 0.12265625 0.1 0.1515625
1 0.959375 0.07109375 0.08125 0.1421875
1 0.784375 0.1265625 0.09375 0.08125
1 0.54921875 0.14453125 0.0828125 0.1265625
2 0.0671875 0.6453125 0.134375 0.53125
3 0.771875 0.5140625 0.45625 0.26875