4 0.117062871875 0 0.11924701093750001 0.0013949375 0.1205769640625 0.007426371875 0.1180220671875 0.013049490624999998 0.13254068593749999 0.0243948765625 0.1319282140625 0.030222153125 0.10979741093749999 0.0445891203125 0.10591255937499999 0.044180806249999996 0.095383803125 0.050929721875 0.0895565265625 0.0503172515625 0.083116778125 0.055532056249999996 0.0792319265625 0.055123742187500005 0.0729963359375 0.058396121875 0.06716905937499999 0.05778365 0.06287589375 0.06126018749999999 0.056844459375 0.062590140625 0.0388026640625 0.07542299687500001 0.0233682703125 0.091475728125 0.020609215625 0.099041271875 0.016316050000000002 0.10251780937499999 0.0159077359375 0.10640266093749999 0.0114104140625 0.11182162343749999 0.0110020984375 0.1157064734375 0.0067089328125 0.11918301093749999 0 0.1311879265625 0 0.35 0.4890625 0.35 0.4890625 0 0.117062871875 0
3 0.540625 0.32890625 0.028125 0.0421875
3 0.51796875 0.09609375 0.0578125 0.0578125
3 0.609375 0.05078125 0.0375 0.0484375
3 0.6015625 0.00625 0.03125 0.0125
3 0.75546875 0.1109375 0.0296875 0.0390625
3 0.90703125 0.1125 0.0828125 0.103125
3 0.70234375 0.29921875 0.0296875 0.0375
3 0.6171875 0.33515625 0.025 0.0296875
0 0.31796875 0.6546875 0.13125 0.2890625
3 1 0.591254728125 0.972912115625 0.7030650953124999 0.9515576250000001 0.7215527765624999 0.9229258203124999 0.661530096875 0.930741940625 0.73491405625 0.90170774375 0.75259456875 0.82032740625 0.6403805046875 0.62220326875 0.5677264937500001 0.598352515625 0.4252778046875 0.59941971875 0.35 0.50144320625 0.35 0.4952152953125 0.4092546140625 0.4890625 0.40508836718749996 0.4890625 1 1 1 1 0.591254728125