1 0.36796875 0.4421875 0.16875 0.071875
1 0.12421875 0.45 0.1296875 0.06875
1 0.15234375 0.4125 0.021875 0.03125
1 0.38671875 0.4203125 0.0515625 0.0203125
1 0.45625 0.4625 0.025 0.034375
1 0.51171875 0.46015625 0.075 0.0328125
1 0.53125 0.4171875 0.01875 0.015625
1 0.56796875 0.4625 0.04375 0.028125
1 0.6140625 0.38828125 0.03125 0.0234375
1 0.6703125 0.4078125 0.034375 0.025
1 0.7046875 0.4734375 0.0890625 0.053125
1 0.75234375 0.44609375 0.0546875 0.05
1 0.75390625 0.3921875 0.0171875 0.03125
1 0.9296875 0.4703125 0.0859375 0.059375
1 0.91640625 0.42890625 0.040625 0.021875