1 0.515625 0.4296875 0.146875 0.075
1 0.50859375 0.40859375 0.0515625 0.021875
1 0.43984375 0.45234375 0.025 0.034375
1 0.384375 0.45078125 0.075 0.0328125
1 0.3640625 0.40859375 0.01875 0.015625
1 0.328125 0.4546875 0.04375 0.028125
1 0.28125 0.38125 0.03125 0.0234375
1 0.225 0.4015625 0.034375 0.025
1 0.19140625 0.46796875 0.090625 0.0546875
1 0.14375 0.44140625 0.0546875 0.0515625
1 0.14140625 0.3875 0.0171875 0.03125
3 0.29453125 0.815625 0.5890625 0.353125
3 0.80625 0.771875 0.3875 0.265625