1 0.52421875 0.53828125 0.175 0.2015625
1 0.02265625 0.42421875 0.0453125 0.0796875
1 0.06875 0.4796875 0.1375 0.1640625
1 0.14296875 0.46640625 0.0375 0.1015625
1 0.18515625 0.459375 0.1171875 0.0734375
1 0.25625 0.49921875 0.1859375 0.1890625
1 0.4046875 0.478125 0.04375 0.096875
1 0.4625 0.48671875 0.09375 0.140625
1 0.696875 0.51796875 0.21875 0.209375
1 0.71484375 0.49921875 0.0765625 0.0546875
1 0.78046875 0.44296875 0.078125 0.1765625
1 0.91328125 0.440625 0.0953125 0.1515625
1 0.9734375 0.4484375 0.0515625 0.18125