1 0.0703125 0.0734375 0.140625 0.146875
1 0.0875 0.14140625 0.0640625 0.0578125
1 0.21484375 0.06171875 0.1640625 0.1234375
1 0.2703125 0.11171875 0.084375 0.1046875
1 0.2671875 0.18203125 0.084375 0.0875
1 0.41015625 0.1046875 0.2984375 0.209375
1 0.38828125 0.20546875 0.2046875 0.1234375
1 0.5109375 0.18828125 0.096875 0.3484375
3 0.90546875 0.1953125 0.1890625 0.390625
3 1 0.2959442984375 0.9397399828124999 0.28091978906250004 0.9204129296874999 0.28093201562500003 0.9015127812499999 0.35673636875 0.90575231875 0.46890643593750003 0.9012407343750001 0.5257535890625 0.8854560499999999 0.5890625 1 0.5890625 1 0.2959442984375
3 0.6875 0.37734375 0.25625 0.4234375
3 0.2265625 0.79453125 0.453125 0.4109375
3 0.4125 0.79453125 0.29375 0.4109375
1 0.83828125 0.81953125 0.3234375 0.3609375