1 0.25 0.29453125 0.5 0.5890625
1 0.48203125 0.2296875 0.0359375 0.134375
1 0.959375 0.26015625 0.08125 0.1421875
1 0.98359375 0.12734375 0.0328125 0.0921875
1 0.99453125 0.171875 0.0109375 0.06875
1 0.98515625 0.115625 0.0296875 0.065625
1 0.95546875 0.14609375 0.05 0.1
1 0.946875 0.08671875 0.0546875 0.03125
1 0.86171875 0.22578125 0.1 0.128125
1 0.88125 0.115625 0.03125 0.0859375
1 0.79921875 0.20234375 0.0703125 0.103125
1 0.73984375 0.08046875 0.0640625 0.0515625
1 0.75 0.1796875 0.03125 0.0984375
1 0.72109375 0.2171875 0.05625 0.1546875
1 0.690625 0.0875 0.0609375 0.08125
1 0.684375 0.17109375 0.065625 0.1015625
1 0.69140625 0.15625 0.0359375 0.05
1 0.5984375 0.17265625 0.0484375 0.09375
1 0.5984375 0.14140625 0.05 0.1171875
1 0.53828125 0.1140625 0.0421875 0.0859375
1 0.5328125 0.175 0.0328125 0.0859375
3 0.228125 0.71640625 0.45625 0.2546875
3 0.3984375 0.9234375 0.1 0.153125