1 0.171875 0.1421875 0.34375 0.284375
1 0.771875 0.2328125 0.45625 0.171875
1 0.68203125 0.271875 0.2421875 0.09375
1 0.40390625 0.4984375 0.1109375 0.359375
1 0.3484375 0.50859375 0.221875 0.3796875
1 0.22578125 0.58046875 0.4515625 0.5234375
1 0.0953125 0.5734375 0.190625 0.5
1 0.08984375 0.7359375 0.1796875 0.275
1 0.19609375 0.58984375 0.3359375 0.4390625
1 0.23515625 0.6921875 0.2578125 0.2359375
1 0.2796875 0.74140625 0.1359375 0.18125
1 0.27109375 0.784375 0.115625 0.140625
1 0.4265625 0.665625 0.065625 0.165625
1 0.43359375 0.70078125 0.0515625 0.1015625
3 0.77734375 0.72890625 0.4234375 0.396875