1 0.0140625 0.28671875 0.028125 0.0703125
1 0.0265625 0.271875 0.053125 0.08125
1 0.04140625 0.25625 0.0578125 0.0734375
1 0.1296875 0.27734375 0.03125 0.0453125
1 0.31171875 0.29296875 0.0640625 0.13125
1 0.32734375 0.34609375 0.0625 0.109375
1 0.3671875 0.3609375 0.084375 0.175
1 0.41640625 0.25703125 0.140625 0.1859375
1 0.46953125 0.3109375 0.1203125 0.44375
1 0.459375 0.44765625 0.140625 0.4234375
3 0.81875 0.5859375 0.3625 0.146875
3 0.6340444578125 0 0.5807503140625 0.2974779578125 0.5667343453125 0.39496262187500003 0.5728002046875 0.4055518203125 1 0.4796822828125 1 0 0.6340444578125 0
3 0.43671875 0.80234375 0.1859375 0.2609375
3 0.18046875 0.765625 0.3609375 0.2125
3 0.821875 0.8140625 0.35625 0.309375