1 0.03671875 0.54609375 0.0734375 0.140625
1 0.0609375 0.5203125 0.071875 0.1125
1 0.0984375 0.53125 0.0484375 0.084375
1 0.1453125 0.5390625 0.0375 0.065625
1 0.15625 0.52109375 0.05625 0.0734375
1 0.17578125 0.5015625 0.046875 0.0671875
1 0.26640625 0.50703125 0.0234375 0.0421875
1 0.4484375 0.490625 0.04375 0.125
1 0.4734375 0.540625 0.0453125 0.103125
1 0.51484375 0.5484375 0.05625 0.16875
1 0.5453125 0.4375 0.1125 0.1703125
1 0.71484375 0.46328125 0.2734375 0.403125
1 0.72421875 0.60703125 0.2828125 0.39375
1 0.9640625 0.29375 0.0703125 0.284375
1 0.9703125 0.6171875 0.05625 0.2171875