4 0.24004860312499998 0 0 0.1114873328125 0 0.4296875 0.65 0.4296875 0.65 0.34013575937499996 0.560733671875 0.28591245781249996 0.47339660625 0.19733630156249998 0.33456155781249997 0 0.24004860312499998 0
1 0.73984375 0.0765625 0.1796875 0.153125
1 0.69609375 0.0140625 0.0921875 0.028125
1 0.471875 0.6296875 0.35625 0.4
1 0.15859375 0.753125 0.259375 0.3734375
1 0.1453125 0.73046875 0.290625 0.4140625
1 0.39921875 0.5921875 0.3484375 0.325
1 0.23828125 0.6171875 0.196875 0.26875
1 0.04453125 0.7796875 0.0890625 0.334375
1 0.5796875 0.51484375 0.140625 0.1703125
1 0.5046875 0.50234375 0.2875 0.1453125
1 0.309375 0.5328125 0.296875 0.20625
1 0.18515625 0.50859375 0.11875 0.1453125
1 0.05234375 0.7375 0.1046875 0.3625
1 0.12265625 0.60390625 0.1765625 0.2171875
1 0.13046875 0.66328125 0.2609375 0.3234375
3 0.825 0.71484375 0.35 0.5703125