0 0.17578125 0.21328125 0.3515625 0.4265625
3 0.67578125 0.340625 0.3265625 0.321875
3 0.79921875 0.08828125 0.0421875 0.046875
3 0.9109375 0.33359375 0.0515625 0.0640625
3 0.83984375 0.35546875 0.0265625 0.0359375
3 0.8640625 0.203125 0.0453125 0.0515625
3 0.61640625 0.115625 0.2484375 0.23125
3 0.48828125 0.4703125 0.128125 0.1796875
3 0.396875 0.31328125 0.034375 0.0796875
3 0.4921875 0.3234375 0.09375 0.1015625
3 0.3921875 0.52109375 0.025 0.0984375
3 0.86875 0.5890625 0.0640625 0.0625
3 0.1703125 0.80625 0.340625 0.253125
4 0.7762356015625 1 0.7753115046875 0.9967772890625 0.79044886875 0.9751661234375 0.794203796875 0.9740894156250001 0.8014377015624999 0.9638877875 0.8070700953125 0.962272725 0.811087425 0.95502526875 0.814842353125 0.9539485609374999 0.8193980375000001 0.9485785703125 0.8250304296875001 0.9469635078125 0.8277086499999999 0.9421318703124999 0.8328026890625001 0.93863934375 0.8447234781249999 0.9199823500000001 0.853020540625 0.8993166921875 0.8527445874999999 0.89126848125 0.8554228078125 0.8864368453125 0.8543461000000001 0.882681915625 0.856485965625 0.8759728156250001 0.85540925625 0.8722178859374999 0.8580874765625 0.86738625 0.8599513906249999 0.8526289374999999 0.8639687203124999 0.8453814812499999 0.8711890734375001 0.8209608953125 0.8706371687500001 0.8048644734374999 0.8770703171875001 0.798956128125 0.8802733406250001 0.781782996875 0.8781199234375 0.774273140625 0.8794590343750001 0.771857321875 0.8770432156249999 0.7705182109375001 0.8791830812500001 0.7638091109375 0.8775680187500001 0.7581767171875 0.8807845921874999 0.7552225453125 0.8794319312500001 0.7434194046875 0.8752698499999999 0.7395332765625 0.8727228312499999 0.7412795390625 0.872446878125 0.733231328125 0.8670768875 0.72867564375 0.8608925890625001 0.714194284375 0.8584767703124999 0.7128551734374999 0.855785 0.703467853125 0.8498766546875001 0.6970347046875001 0.840263071875 0.6796875 0.3796875 0.6796875 0.3796875 1 0.7762356015625 1