1 0.0140625 0.63046875 0.028125 0.040625
1 0.08515625 0.628125 0.0453125 0.04375
1 0.12734375 0.63671875 0.0359375 0.046875
1 0.19453125 0.628125 0.040625 0.04375
1 0.2171875 0.646875 0.05 0.053125
1 0.22734375 0.61328125 0.03125 0.034375
1 0.28828125 0.628125 0.0671875 0.05
1 0.375 0.63046875 0.025 0.059375
1 0.4859375 0.6234375 0.1828125 0.0734375
1 0.62890625 0.63671875 0.0828125 0.0875
1 0.66015625 0.6234375 0.075 0.0734375
1 0.7359375 0.6015625 0.0328125 0.0375
1 0.75703125 0.6421875 0.065625 0.0765625
1 0.8265625 0.61640625 0.04375 0.0875
1 0.85078125 0.61015625 0.0484375 0.0875