4 0 0 0 0.038242053124999995 0.039946587500000005 0.081351925 0.0490538421875 0.096261009375 0.10147820156250001 0.1532275625 0.1196285640625 0.1782866765625 0.139484909375 0.197761309375 0.18476459218750002 0.2532705140625 0.2045888625 0.2703656203125 0.21894236718750001 0.278039371875 0.22438106093750002 0.2850812 0.24948365625000002 0.2973205015625 0.2657355890625 0.313686934375 0.2728481921875 0.31276475625 0.33306476875 0.2870797890625 0.33477075156249997 0.281495309375 0.3419154296875 0.2829526578125 0.34185128124999997 0.27819360312499997 0.38964485625 0.25590709375 0.3895807078125 0.2511480390625 0.394955253125 0.25343081562499997 0.4 0.2503587125 0.4 0 0 0
1 0.52265625 0.2046875 0.2453125 0.36875
2 0.2 0.7734375 0.4 0.453125
1 0.8015625 0.671875 0.396875 0.41875
1 0.69453125 0.67734375 0.5890625 0.5515625
1 0.8765625 0.59921875 0.1953125 0.265625
1 0.72421875 0.5453125 0.1359375 0.1046875
1 0.69375 0.68203125 0.2984375 0.3359375
1 0.55703125 0.70859375 0.178125 0.2046875
1 0.5078125 0.809375 0.215625 0.38125
1 0.43984375 0.8515625 0.0796875 0.296875