4 0 0.51875 0.33838413125 0.51875 0.339973971875 0.50814311875 0.338728046875 0.5054712218749999 0.341349075 0.4879845984375 0.34010315 0.48531270156249995 0.34167576718750003 0.4748207296875 0.3397081203125 0.4659796078125 0.34075653125 0.45898495937500006 0.3395106046875 0.45631306250000003 0.34108322343749997 0.44582109062499997 0.339837296875 0.4431491921875 0.3408857078125 0.43615454218750005 0.3383938546875 0.43081074687500004 0.33819634062500004 0.4211442015625 0.33695041406250004 0.418472303125 0.3374746203125 0.41497497812499995 0.33622869375 0.41230308125 0.33727710625 0.4053084328125 0.3360311796875 0.402636534375 0.3365553859375 0.3991392109375 0.3340635328125 0.3937954140625 0.3338660171875 0.38412886875 0.3288823125 0.37344127656250004 0.328684796875 0.363774728125 0.3249470171875 0.35575903593749997 0.3254712234375 0.3522617125 0.3229793703125 0.346917915625 0.3235035765625 0.34342059062499997 0.3185198703125 0.3327329984375 0.3190440765625 0.329235675 0.31281444375 0.3158761859375 0.31333865 0.3123788609375 0.30087938593749997 0.28565988125 0.301403590625 0.28216255625 0.28396062031249997 0.2447559859375 0.2809445609375 0.2429095140625 0.27596085625 0.23222192343749998 0.272944796875 0.23037545 0.2716988703125 0.227703553125 0.265666753125 0.224010609375 0.2631749 0.21866681406250002 0.25589685625 0.2123019734375 0.254650928125 0.2096300734375 0.2513727671875 0.2095322640625 0.24835670781250002 0.2076857921875 0.24481644375 0.20933664531249999 0.2442922375 0.2128339703125 0.238981840625 0.21531024843750002 0.238457634375 0.218807571875 0.2260667078125 0.22458555625 0.22554250156250003 0.22808288124999998 0.22023210468749999 0.2305591609375 0.2197078984375 0.234056484375 0.2108572359375 0.23818361562499998 0.21033303124999997 0.241680940625 0.20502263437499998 0.24415721875 0.20449842812500002 0.2476545421875 0.1974178984375 0.2509562484375 0.1968936921875 0.2544535734375 0.1898131625 0.257755278125 0.18928895625 0.26125260156249996 0.18397855937500002 0.26372888125 0.183454353125 0.26722620625000004 0.17814395624999999 0.269702484375 0.17761975000000002 0.27319980781250003 0.16876908906250002 0.2773269390625 0.1682448828125 0.2808242640625 0.162934484375 0.2833005421875 0.1624102796875 0.2867978671875 0.150019353125 0.2925758515625 0.149495146875 0.29607317499999997 0.1441847484375 0.29854945312500003 0.14366054374999998 0.30204677812499997 0.129499484375 0.3086501890625 0.126680940625 0.3164702640625 0.11251988125000001 0.323073675 0.111995675 0.3265709984375 0.10668527812499999 0.3290472765625 0.1038667328125 0.3368673515625 0.1020966015625 0.337692778125 0.1015723953125 0.34119010156249996 0.0980321296875 0.34284095468750003 0.097507925 0.3463382796875 0.093967659375 0.34798913125 0.091149115625 0.35580920625 0.082298453125 0.3599363390625 0.081774246875 0.3634336625 0.0782339828125 0.3650845140625 0.0771855703125 0.3720791625 0.06656477656250001 0.3770317203125 0.0675486 0.38145228124999997 0.06702439375 0.3849496046875 0.0682703203125 0.387621503125 0.0662380859375 0.3901955921875 0.0654517765625 0.39544157812499997 0.066697703125 0.39811347656249996 0.06591139375 0.4033594625 0.051750334375 0.4099628734375 0.05024230625 0.4090396375 0.0505044078125 0.407290975 0.052274540625 0.4064655484375 0.052798746875000004 0.40296822499999996 0.0563390109375 0.401317371875 0.057387423437499994 0.3943227234375 0.06092768750000001 0.3926718703125 0.0630245109375 0.3786825734375 0.065056746875 0.3761084859375 0.0638108203125 0.3734365875 0.0651213359375 0.3646932765625 0.0668914671875 0.36386785 0.0689882921875 0.3498785546875 0.07252855625 0.3482277015625 0.07462537968750001 0.3342384046875 0.0763955125 0.33341297812500004 0.076657615625 0.331664315625 0.0741657625 0.32632052031250003 0.07468996875 0.3228231953125 0.072198115625 0.3174793984375 0.072722321875 0.313982075 0.0714763953125 0.31131017656250004 0.07252480624999999 0.30431552812499996 0.07127887968749999 0.30164363125000004 0.0715409828125 0.29989496875 0.0750812484375 0.29824411562500003 0.0763917625 0.28950080625 0.0754079390625 0.2850802453125 0.0789482046875 0.2834293921875 0.0794724109375 0.27993206875 0.08301267500000001 0.2782812171875 0.083339365625 0.26511734531250003 0.0886497640625 0.2626410671875 0.0933676171875 0.2311651484375 0.0953998515625 0.22859105937500002 0.094153925 0.22591916250000002 0.094940234375 0.220673175 0.0990047046875 0.2155249984375 0.09828298437500001 0.20935577656249998 0.10234745468749999 0.20420759843749997 0.10313376406250001 0.1989616140625 0.102149940625 0.194541053125 0.10621441093749999 0.18939287656249998 0.1070007203125 0.1841468890625 0.106016896875 0.1797263296875 0.10955716093750001 0.1780754765625 0.11008136718749999 0.174578153125 0.11362163125 0.1729273 0.11571845624999999 0.158938003125 0.1192587203125 0.15728715 0.12030713281250001 0.1502925015625 0.1220772640625 0.149467075 0.1239119859375 0.1372264421875 0.12089592656249999 0.13537996875 0.11964999999999999 0.132708071875 0.12069841249999999 0.1257134234375 0.1161743234375 0.12294371562499999 0.103783396875 0.1287217 0.103259190625 0.132219025 0.069626675 0.1479021234375 0.06661061562500001 0.1460556515625 0.050679425 0.15348448750000002 0.047663365624999995 0.1516380171875 0.0388127046875 0.1557651484375 0.0357966453125 0.1539186765625 0.032256379687499996 0.155569528125 0.0244541296875 0.1527020109375 0.022683996875 0.1535274375 0.0196679390625 0.1516809671875 0.017897806250000002 0.15250639375 0.014881746874999999 0.1506599203125 0.013111615625 0.15148534687499998 0.01009555625 0.1496388765625 0.0083254234375 0.15046430156249999 0.00229330625 0.14677135937500002 0 0.1478407453125 0 0.51875
3 0.2640625 0.590625 0.31875 0.14375
3 0.134375 0.64453125 0.26875 0.2515625
1 0.89921875 0.75703125 0.2015625 0.4765625
1 0.80703125 0.81953125 0.2859375 0.3609375
1 0.89296875 0.75234375 0.2140625 0.3328125
1 0.61015625 0.89140625 0.2203125 0.2171875
1 0.69375 0.85859375 0.196875 0.278125
1 0.55859375 0.90703125 0.1171875 0.1859375
1 0.51171875 0.85 0.0234375 0.078125
1 0.52734375 0.81640625 0.053125 0.0515625
1 0.515625 0.8328125 0.03125 0.059375
1 0.54765625 0.80078125 0.0390625 0.046875
1 0.57265625 0.79296875 0.0703125 0.0671875
1 0.5921875 0.8015625 0.065625 0.0828125