4 0.1961130984375 0 0.1958444359375 0.000636946875 0.19836445625000002 0.01074419375 0.197099353125 0.0137435109375 0.1989893671875 0.021323945312500002 0.1977242625 0.0243232609375 0.2254444796875 0.1355029796875 0.22796959375 0.13755728750000001 0.2437197171875 0.2007275828125 0.24624483125 0.202781890625 0.2519148765625 0.225523196875 0.250649771875 0.22852251093749998 0.25694982187500004 0.2537906296875 0.259474934375 0.2558449390625 0.2619949546875 0.265952184375 0.2607298515625 0.2689515 0.262619865625 0.2765319359375 0.25945710625 0.284030225 0.257561996875 0.284502728125 0.25439923750000004 0.2920010171875 0.25565924687499997 0.297054640625 0.25439414375 0.30005395625000003 0.2562841578125 0.307634390625 0.2550190546875 0.31063370625000003 0.26005909374999997 0.33084820000000004 0.26258420781249997 0.332902509375 0.26447422187499997 0.3404829453125 0.26699933593749997 0.342537253125 0.2682593453125 0.3475908765625 0.270784459375 0.34964518437500003 0.27267447499999997 0.3572256203125 0.2751995875 0.3592799265625 0.2764595984375 0.3643335515625 0.2789847125 0.36638785937499996 0.280244721875 0.3714414828125 0.2859249546875 0.3780769109375 0.2871849640625 0.383130534375 0.289710078125 0.38518484375 0.292860103125 0.3978189015625 0.2953852171875 0.3998732109375 0.300091728125 0.41875 0.36875 0.41875 0.36875 0 0.1961130984375 0
1 0.184375 0.709375 0.36875 0.58125
1 0.38515625 0.96953125 0.0328125 0.0609375
1 0.41328125 0.965625 0.0359375 0.0546875
1 0.44375 0.96875 0.046875 0.0625
1 0.546875 0.94453125 0.0515625 0.046875
1 0.7625 0.84140625 0.078125 0.09375
1 0.78671875 0.84609375 0.0546875 0.0796875
1 0.82421875 0.846875 0.05625 0.0859375
1 0.85078125 0.8390625 0.0515625 0.0734375
1 0.86328125 0.83359375 0.0578125 0.0734375
1 0.909375 0.821875 0.034375 0.059375
1 0.921875 0.815625 0.0296875 0.053125