4 0.0015112453124999999 0 0.0019372453125 0.0007417390625 0.0013025093749999999 0.00591125 0.0029237078125 0.0087340328125 0.0019716031249999997 0.0164883 0.0035928015624999998 0.0193110796875 0.002958065625 0.0244805921875 0.0045792640624999995 0.0273033734375 0.0036271609375 0.0350576390625 0.005248359375 0.037880421875 0.0046136234375000005 0.043049932812500004 0.006234821875 0.0458727140625 0.005600085937500001 0.051042225 0.007221284375 0.0538650078125 0.006586548437500001 0.05903451875 0.008207746875 0.061857300000000004 0.007573010937499999 0.0670268109375 0.009194209375 0.06984959375000001 0.0085594734375 0.0750191046875 0.010180671875 0.0778418859375 0.0095459359375 0.083011396875 0.011167134375 0.0858341796875 0.0105323984375 0.0910036890625 0.0134574265625 0.099234009375 0.013140059374999999 0.10181876406249998 0.014761257812500001 0.104641546875 0.014443889062500001 0.10722630156249999 0.0160650875 0.11004908437500001 0.015112984375 0.11780335 0.0167341828125 0.12062613281250001 0.0160994453125 0.12579564375000002 0.017720645312499998 0.128618425 0.016768540625 0.1363726921875 0.0183897390625 0.1391954734375 0.017437634375 0.1469497390625 0.019058832812500003 0.149772521875 0.018424096875 0.15494203281250002 0.0200452953125 0.1577648140625 0.0190931921875 0.16551908125 0.020714390625000002 0.1683418640625 0.0200796546875 0.173511375 0.021700853125 0.17633415624999998 0.0210661171875 0.1815036671875 0.0239911453125 0.1897339859375 0.023673778125 0.1923187421875 0.025294976562499998 0.1951415234375 0.0249776078125 0.1977262796875 0.026598806250000002 0.20054906093749997 0.025964070312499997 0.205718571875 0.0288891 0.213948890625 0.02857173125 0.216533646875 0.030192929687499998 0.219356428125 0.0298755625 0.22194118437500002 0.0314967609375 0.224763965625 0.0311793921875 0.22734872031250003 0.0328005921875 0.230171503125 0.0324832234375 0.23275625937500002 0.034104421875 0.23557903906250002 0.033787053125 0.23816379531249998 0.035408253125 0.24098657812500002 0.035090884375 0.24357133281249999 0.036712082812500005 0.24639411406249997 0.036394715625000004 0.2489788703125 0.0380159140625 0.2518016515625 0.0376985453125 0.2543864078125 0.0409409421875 0.26003197031249997 0.041927404687499996 0.2680242625 0.043548603125 0.2708470453125 0.0432312359375 0.2734318015625 0.044852434375 0.2762545828125 0.044535065624999995 0.2788393375 0.047777464062500004 0.2844849015625 0.0471427265625 0.2896544125 0.050385124999999996 0.2952999765625 0.05006775625 0.2978847328125 0.0516889546875 0.3007075125 0.051054218750000005 0.30587702499999997 0.0526754171875 0.30869980625000004 0.0514059453125 0.319038828125 0.0491500109375 0.321385559375 0.048832642187500004 0.3239703125 0.035297034375 0.338050690625 0.034979665625 0.340635446875 0.03272373125 0.34298217656249996 0.0320889953125 0.34815168750000003 0.029833059375 0.35049841718749997 0.026659379687500002 0.376345971875 0.028280578125 0.3791687546875 0.027645842187500002 0.384338265625 0.030570870312499998 0.39256858437500003 0.030253503124999997 0.39515334062499996 0.0334959 0.400798903125 0.03317853125 0.40338365937500004 0.038042128125000005 0.4118520046875 0.037724759375 0.41443676093750004 0.0425883546875 0.4229051046875 0.0445612796875 0.43888969062500005 0.0494994890625 0.45 0.56875 0.45 0.56875 0 0.34639202812500003 0 0.345629571875 0.0062097203125 0.351127903125 0.0095085546875 0.3508105359375 0.0120933109375 0.35243173437499997 0.014916092187499999 0.3517969984375 0.0200856046875 0.353418196875 0.022908384375 0.3527834609375 0.028077896875 0.343124984375 0.042634326562500005 0.3424902484375 0.0478038375 0.333466509375 0.057190756249999995 0.3305758390625 0.064706996875 0.323808034375 0.071747184375 0.323490665625 0.07433193906249999 0.3192961640625 0.07644064375000001 0.318978796875 0.0790254 0.3167228625 0.081372128125 0.3183440609375 0.0841949109375 0.3149601578125 0.0877150046875 0.31302159218750003 0.08747697812500001 0.31058979375 0.08324280625 0.3112245296875 0.0780732953125 0.30960333125 0.0752505140625 0.3099207 0.0726657578125 0.306360934375 0.06960495 0.3073130375 0.061850684375 0.31069694062500003 0.05833058906250001 0.3145740734375 0.0588066421875 0.31619527187499996 0.061629421875 0.3176406078125 0.0578713015625 0.316830009375 0.0564599109375 0.312952875 0.055983859375 0.3077719109375 0.05010027031249999 0.3058333453125 0.04986224375 0.302590946875 0.044216679687499996 0.30065238125 0.0439786546875 0.2983964453125 0.046325384375 0.2956472796875 0.0446759671875 0.296282015625 0.0395064546875 0.2985379515625 0.0371597265625 0.2991726875 0.0319902140625 0.2959302890625 0.026344651562499998 0.2949438265625 0.018352359375 0.29138406250000004 0.0152915515625 0.2917014296875 0.012706796875 0.29008023125000004 0.0098840140625 0.291293834375 0 0.0015112453124999999 0
1 0.784375 0.225 0.43125 0.45
1 0.50625 0.83046875 0.125 0.3390625
1 0.05234375 0.80859375 0.1046875 0.3828125
1 0.10390625 0.68671875 0.2078125 0.3640625
1 0.29296875 0.6140625 0.2984375 0.1953125
1 0.15234375 0.88984375 0.0859375 0.2203125
1 0.25078125 0.83671875 0.2578125 0.3265625
1 0.34765625 0.68046875 0.3671875 0.4609375
1 0.36953125 0.9421875 0.1015625 0.115625
2 0.69765625 0.634375 0.2578125 0.23125