4 0 0 0 0.4796875 0.40266592812499996 0.4796875 0.4118943609375 0.42681464062499996 0.40562326249999997 0.4157778796875 0.43482053593750003 0.40333783749999996 0.4848017515625 0.34997389375 0.56875 0.300204759375 0.56875 0 0 0
1 0.34609375 0.92421875 0.4453125 0.1515625
3 0.7328125 0.95234375 0.0359375 0.034375
3 0.85390625 0.875 0.0734375 0.04375
3 0.91796875 0.8890625 0.0203125 0.0125
3 0.828125 0.834375 0.021875 0.015625
3 0.7828125 0.878125 0.0265625 0.03125
3 0.759375 0.8015625 0.03125 0.034375
3 0.7921875 0.775 0.021875 0.034375
3 0.6625 0.79765625 0.0234375 0.0140625
3 0.78203125 0.71640625 0.034375 0.028125
3 0.9234375 0.6984375 0.015625 0.0140625
3 0.84375 0.70546875 0.0171875 0.0140625
3 0.9625 0.67578125 0.0203125 0.0140625
3 0.61328125 0.9953125 0.0203125 0.009375