4 0 0 0 0.4390625 0.2235207890625 0.4390625 0.223723078125 0.4301535890625 0.22694200625 0.42024675 0.22588920468749998 0.4171664921875 0.23313179062499997 0.3948761046875 0.2357940546875 0.39300294375 0.2422319078125 0.3731892671875 0.2448941734375 0.37131610625 0.2660652671875 0.31247862187500003 0.26872753125000004 0.3106054609375 0.27782765 0.288918621875 0.2804899125 0.28704546249999996 0.29039476249999996 0.2628819140625 0.2930570265625 0.261008753125 0.303766609375 0.23436849531249998 0.30642887343749997 0.23249533437499997 0.3219668453125 0.19099481875 0.324629109375 0.1891216578125 0.3318716953125 0.1668312703125 0.3345339578125 0.16495811093749999 0.3425812765625 0.1401910140625 0.34524354062499996 0.1383178515625 0.3812084 0.0213089484375 0.38268492187500003 0 0.19426717031250001 0 0.192671859375 0.00112245625 0.1846245421875 0.025889553125 0.18196227812500002 0.0277627140625 0.17311022812500002 0.055006521875000006 0.172553565625 0.0630401984375 0.1698913015625 0.06491335937500001 0.1709441015625 0.0679936171875 0.16692044374999998 0.080377165625 0.16797324375 0.083457425 0.1639495859375 0.095840971875 0.164197653125 0.1013979421875 0.15138247031250002 0.1218776828125 0.1489682765625 0.1293078109375 0.1463060125 0.131180971875 0.14228235312499998 0.1435645203125 0.142530421875 0.1491214890625 0.1398681578125 0.15099465 0.1374539625 0.158424778125 0.1292191015625 0.1584872921875 0.120923715625 0.17769742187499998 0.11826145156250001 0.17957058125 0.11343306093750001 0.1944308390625 0.10810853281249999 0.1981771625 0.1083566015625 0.20373412968750002 0.105137675 0.21364096875 0.1091008078125 0.220405034375 0.1066866125 0.22783516406249998 0.1034979484375 0.22816819531250002 0.1027537421875 0.21149729062499997 0.0916085484375 0.207875996875 0.0908340796875 0.20077890156249997 0.09405300625 0.1908720625 0.09380493749999999 0.18531509375 0.09646720156250001 0.1834419328125 0.098881396875 0.176011803125 0.09782859687499999 0.1729315453125 0.1026569875 0.1580712859375 0.10160418593750001 0.1549910296875 0.11287043125 0.1203170921875 0.11342709375 0.1122834140625 0.11132149375 0.1061228984375 0.11243481875000001 0.0900555421875 0.11726320937500001 0.075195284375 0.1183765359375 0.05912792812499999 0.1215954625 0.0492210890625 0.12054266250000001 0.0461408328125 0.13527590312499999 0.007117025000000001 0.1397293765625 0 0 0
3 0.54140625 0.21953125 0.2453125 0.4390625
3 0.721875 0.21953125 0.4 0.4390625
3 0.8828125 0.253125 0.234375 0.371875
1 0.0734375 0.56171875 0.1234375 0.1578125
1 0.03203125 0.659375 0.01875 0.0234375
1 0.05859375 0.63359375 0.05 0.05
1 0.12421875 0.6453125 0.0328125 0.0390625
1 0.15390625 0.66484375 0.0578125 0.05625
1 0.19453125 0.6859375 0.0328125 0.0359375
1 0.240625 0.725 0.040625 0.0390625
1 0.26796875 0.73671875 0.025 0.0296875
2 0.72109375 0.4765625 0.4859375 0.075