3 0.289031184375 0.41867235 0.23376247968750002 0.5584337921875 0.2210258953125 0.638083821875 0.2285352390625 0.66875 0.65 0.66875 0.65 0.5319783078125 0.5431040890625 0.4962969109375 0.31622497968749996 0.42093651093749995 0.289031184375 0.41867235
3 0.36062843125 0 0.3492468828125 0.0370689328125 0.28649014375 0.214125909375 0.2435174671875 0.34638220625 0.2384312890625 0.3923739890625 0.2661454328125 0.398093040625 0.27049098437499997 0.3847188078125 0.29616124374999997 0.38155921249999997 0.31860166562500003 0.408565465625 0.3403717046875 0.412353159375 0.3437890875 0.40689189531250003 0.3274052953125 0.39663974999999996 0.3283334640625 0.38872678125000004 0.36875145625 0.37557282812500004 0.3821256890625 0.3799183796875 0.39215755625000004 0.39960702812500004 0.4075381625 0.40789030937500004 0.41444794375000005 0.40684961406250003 0.41091803593750004 0.397488128125 0.41582144374999996 0.392509703125 0.4896023859375 0.41319676562499996 0.5676163546875 0.40568684531250004 0.64841483125 0.37443802187499997 0.65 0.37402111875 0.65 0 0.36062843125 0
3 0.1140625 0.42421875 0.228125 0.2921875
3 0.04296875 0.06015625 0.0859375 0.1203125
2 0.825 0.334375 0.35 0.66875
1 0.04453125 0.8 0.0890625 0.1875
1 0.1375 0.82734375 0.10625 0.1609375
1 0.19140625 0.8578125 0.1 0.175
1 0.41796875 0.91171875 0.1203125 0.1765625
1 0.5171875 0.940625 0.09375 0.11875
1 0.5984375 0.9484375 0.09375 0.103125
3 0.825 0.834375 0.35 0.33125