3 0.096875 0.19765625 0.19375 0.3953125
3 0.41875 0.24375 0.58125 0.4875
3 0.3796875 0.46875 0.659375 0.140625
3 0.8421875 0.23515625 0.265625 0.4703125
3 0.64765625 0.98984375 0.0359375 0.0203125
3 0.1234375 0.79296875 0.0703125 0.0453125
3 0.57890625 0.63359375 0.04375 0.040625
3 0.6546875 0.59609375 0.0234375 0.0265625
3 0.4296875 0.76484375 0.0234375 0.034375
3 0.3328125 0.61640625 0.0859375 0.1109375
3 0.4171875 0.6171875 0.0171875 0.034375
3 0.13984375 0.66953125 0.05 0.0546875
3 0.13125 0.57109375 0.0265625 0.0375