3 0 0.6890625 0.35 0.6890625 0.35 0.0096936203125 0.33520015625 0.050517374999999996 0.20172262187499998 0.043060510937500004 0.0991836671875 0.0974772453125 0.0478035296875 0.1383046203125 0 0.3178734578125 0 0.6890625
3 0.40546875 0.48125 0.1109375 0.415625
3 0.459375 0.11015625 0.21875 0.2203125
3 0.9046875 0.5390625 0.190625 0.3
1 0.05390625 0.84453125 0.1078125 0.3109375
1 0.1453125 0.85234375 0.253125 0.2953125
1 0.26796875 0.9296875 0.1640625 0.140625
1 0.390625 0.8015625 0.08125 0.15625
1 0.5328125 0.76015625 0.146875 0.1421875
1 0.6453125 0.73671875 0.159375 0.0953125
1 0.721875 0.7828125 0.11875 0.1875