3 0.028125 0.203125 0.05625 0.115625
3 0.18046875 0.1875 0.225 0.1484375
1 0.4078125 0.21484375 0.046875 0.040625
1 0.64609375 0.2421875 0.065625 0.0875
1 0.66640625 0.2296875 0.0453125 0.075
1 0.70234375 0.2171875 0.0453125 0.08125
1 0.7296875 0.215625 0.04375 0.06875
1 0.74375 0.21640625 0.0484375 0.06875
1 0.790625 0.2125 0.0265625 0.0578125
1 0.8046875 0.21484375 0.0234375 0.0515625
2 0.159375 0.79140625 0.31875 0.4171875
3 0.47734375 0.81484375 0.196875 0.19375
3 0.70078125 0.76875 0.1953125 0.378125
3 0.88203125 0.76015625 0.2359375 0.3609375