3 0 0 0 0.46160830781250006 0.0082322765625 0.48657971250000004 0.0723863640625 0.46655835625000003 0.07215476093749999 0.44874462031249995 0.0875834765625 0.423189425 0.087750034375 0.3727521609375 0.09825299374999999 0.3583622109375 0.10876679375000001 0.35534742812500003 0.1184300671875 0.36070386718749997 0.15971062656249999 0.43664212343750003 0.1788164125 0.44091643437499994 0.19147278750000002 0.43403634062499996 0.17444453437500002 0.35764572031249997 0.1956495328125 0.31255405625 0.20917811562500002 0.3200530734375 0.2472556515625 0.413164459375 0.26142483906249997 0.41722884843749997 0.2702159046875 0.4082061796875 0.15186040625 0 0 0
3 0.8640625 0.1 0.0375 0.0546875
3 0.984375 0.22109375 0.03125 0.0546875
3 0.97265625 0.31953125 0.0546875 0.0671875
3 0.90859375 0.4 0.0453125 0.0546875
3 0.94140625 0.45859375 0.040625 0.05625
3 0.74453125 0.3984375 0.0359375 0.04375
3 0.721875 0.1953125 0.0359375 0.0421875
3 0.7875 0.125 0.03125 0.0390625
3 0.09921875 0.7640625 0.1984375 0.428125
3 0.35390625 0.7328125 0.5703125 0.365625
3 0.51875 0.8953125 0.240625 0.209375
3 0.84453125 0.9078125 0.3109375 0.184375