3 0.4109375 0.38125 0.296875 0.296875
3 0.4390625 0.15390625 0.240625 0.2640625
3 0.228125 0.06171875 0.34375 0.1234375
3 0.171875 0.490625 0.10625 0.078125
3 0.16953125 0.35859375 0.059375 0.0875
3 0.0125 0.43671875 0.025 0.1859375
0 0.8625 0.0734375 0.246875 0.146875
3 0 0.8625275328124999 0.032772953125 0.8907791968750001 0.09186141875 0.9011980875000001 0.20000843906250002 0.90213470625 0.3798291984375 0.8613114859375001 0.477276353125 0.8845382531249999 0.559375 0.8312750984375 0.559375 0.5296875 0 0.5296875 0 0.8625275328124999
3 0.99140625 0.884375 0.0171875 0.046875
3 0.90546875 0.90625 0.1484375 0.1125
3 0.896875 0.7390625 0.13125 0.228125
3 0.60859375 0.9796875 0.0515625 0.040625
3 0.65625 0.89921875 0.065625 0.053125