3 0.05078125 0.19921875 0.1015625 0.2390625
3 0.4734375 0.18984375 0.171875 0.2546875
3 0.8546875 0.159375 0.290625 0.31875
3 0.68515625 0.196875 0.2515625 0.24375
1 0.0234375 0.93671875 0.046875 0.1265625
1 0.5171875 0.778125 0.084375 0.328125
1 0.44609375 0.94140625 0.065625 0.109375
1 0.3640625 0.9515625 0.05625 0.096875
1 0.28046875 0.946875 0.0640625 0.10625
1 0.2453125 0.9515625 0.078125 0.096875
1 0.3015625 0.96328125 0.0625 0.0734375
1 0.159375 0.9421875 0.096875 0.115625
1 0.1875 0.95625 0.0625 0.0875
1 0.121875 0.95390625 0.090625 0.0921875
1 0.41875 0.97734375 0.0375 0.0453125
1 0.42890625 0.96171875 0.05 0.0765625
1 0.4859375 0.95078125 0.0390625 0.08125
1 0.515625 0.959375 0.0421875 0.06875
1 0.4765625 0.9765625 0.05625 0.046875
1 0.19765625 0.90625 0.0703125 0.0109375
1 0.79375 0.6359375 0.4125 0.634375
1 0.8828125 0.5578125 0.234375 0.3375