3 0.04453125 0.37265625 0.04375 0.0734375
3 0.18046875 0.32890625 0.0390625 0.0609375
3 0.08828125 0.2328125 0.034375 0.0515625
3 0.6546875 0.33828125 0.49375 0.2828125
1 0.2828125 0.65234375 0.19375 0.3453125
1 0.346875 0.68359375 0.065625 0.3171875
1 0.071875 0.61015625 0.14375 0.2609375
1 0.171875 0.640625 0.1390625 0.275
1 0.02109375 0.60703125 0.0421875 0.2546875
1 0.02265625 0.72421875 0.0453125 0.0453125
1 0.0078125 0.71328125 0.015625 0.0578125
1 0.04609375 0.73359375 0.03125 0.04375
1 0.071875 0.73515625 0.0625 0.0578125
1 0.08828125 0.721875 0.05 0.0796875
3 0.64140625 0.7328125 0.15 0.1328125
3 0.43984375 0.72109375 0.1203125 0.2421875