3 0 0 0 0.2608808671875 0.008882504687499999 0.2434685390625 0.0235818484375 0.2363944609375 0.038707718749999995 0.2719662 0.053651492187500004 0.2664353859375 0.06819745625 0.27836932187499996 0.1785934671875 0.286195940625 0.20930534843749998 0.300315378125 0.31522495 0.2898672671875 0.3797975671875 0.2780579921875 0.4063541578125 0.2659419578125 0.42647890781250003 0.2232050921875 0.450270090625 0.203617171875 0.4574065 0.1787572234375 0.444010884375 0.024263181249999998 0.4398603125 0 0 0
3 0.43772846875000004 0 0.4550389015625 0.1538205859375 0.45020776093750003 0.2431764625 0.4393282296875 0.254391471875 0.442338065625 0.2634066203125 0.5204789328125 0.2573582296875 0.609375 0.2432784765625 0.609375 0 0.43772846875000004 0
1 0.8453125 0.10859375 0.01875 0.015625
1 0.79140625 0.1203125 0.021875 0.015625
1 0.721875 0.134375 0.0234375 0.015625
1 0.678125 0.16953125 0.015625 0.015625
1 0.65234375 0.1796875 0.015625 0.015625
1 0.6265625 0.18671875 0.0140625 0.0125
1 0.61328125 0.18515625 0.0078125 0.0078125
1 0.68515625 0.1796875 0.0171875 0.0109375
1 0.70546875 0.1703125 0.0140625 0.015625
1 0.72734375 0.17109375 0.0125 0.009375
1 0.8640625 0.15078125 0.0109375 0.0171875
1 0.8859375 0.14765625 0.0078125 0.0109375
1 0.95703125 0.13203125 0.009375 0.0140625
1 0.971875 0.13203125 0.0140625 0.0078125
1 0.978125 0.1328125 0.0125 0.0125
1 0.9875 0.1296875 0.0140625 0.0109375
1 0.7765625 0.16328125 0.0125 0.0078125
3 0.448542275 1 0.609375 0.9745265984374999 0.609375 0.48255487812500003 0.47973719062500003 0.600537184375 0.2615389890625 0.439956459375 0.11852509062500001 0.46402169375 0.0999514515625 0.4296875 0 0.4296875 0 1 0.448542275 1
3 0.6459680765625 0.7800541078125 0.6329412125 0.76485943125 0.6260343015625 0.7659533796875 0.609375 0.74234726875 0.609375 0.9157744359375 0.649930896875 0.8944793125 0.66196705625 0.8810676875000001 0.6662074703124999 0.86313814375 0.6459680765625 0.7800541078125