3 0.06953125 0.09453125 0.1390625 0.1890625
3 0.9515625 0.196875 0.096875 0.221875
3 0.79765625 0.0234375 0.1890625 0.046875
3 0.48515625 0.05859375 0.0703125 0.1171875
1 0.2171875 0.60390625 0.140625 0.259375
1 0.0609375 0.53203125 0.121875 0.1609375
1 0.3890625 0.62734375 0.121875 0.2796875
1 0.2265625 0.859375 0.01875 0.0140625
1 0.17109375 0.8578125 0.021875 0.0140625
1 0.10078125 0.8546875 0.021875 0.0140625
1 0.04921875 0.878125 0.0140625 0.0140625
1 0.021875 0.88203125 0.015625 0.015625
1 0.053125 0.88984375 0.0171875 0.009375
1 0.07578125 0.8859375 0.0140625 0.0140625
1 0.09609375 0.8921875 0.0109375 0.009375
1 0.234375 0.90546875 0.0109375 0.015625
1 0.25546875 0.90703125 0.0078125 0.0109375
1 0.32890625 0.909375 0.009375 0.0140625
1 0.34296875 0.9125 0.0140625 0.0078125
1 0.34921875 0.915625 0.0109375 0.0125
1 0.35859375 0.91484375 0.0140625 0.0109375
1 0.3875 0.91875 0.0171875 0.0125
1 0.14609375 0.89609375 0.0125 0.0078125
1 0.44296875 0.9234375 0.0140625 0.01875
1 0.44296875 0.9171875 0.0140625 0.0125
1 0.725 0.675 0.55 0.65