1 0.4765625 0.09765625 0.09375 0.1421875
1 0.48125 0.02421875 0.09375 0.0484375
1 0.571875 0.0890625 0.09375 0.13125
1 0.56171875 0.05859375 0.046875 0.1140625
1 0.59609375 0.0234375 0.0734375 0.046875
1 0.75 0.08125 0.1234375 0.140625
1 0.7265625 0.01328125 0.03125 0.0265625
1 0.8703125 0.05546875 0.096875 0.1109375
1 0.9328125 0.03828125 0.06875 0.0765625
1 0.98203125 0.0265625 0.0296875 0.053125
1 0.9921875 0.059375 0.015625 0.11875
3 0.0359375 0.62421875 0.071875 0.6046875
3 0.246875 0.56640625 0.365625 0.5140625
0 0.4828125 0.72109375 0.10625 0.3640625