3 0.275 0.2390625 0.55 0.478125
3 0.1203125 0.5453125 0.165625 0.0875
3 0.93359375 0.4828125 0.03125 0.0390625
3 0.78515625 0.45 0.084375 0.103125
3 0.559375 0.51640625 0.01875 0.0671875
3 0.6109375 0.36484375 0.0640625 0.0890625
3 0.89375 0.17109375 0.046875 0.0703125
3 0.80703125 0.0484375 0.028125 0.0421875
3 0.74140625 0.05859375 0.028125 0.03125
3 0.809375 0.1359375 0.0234375 0.034375
3 0.65234375 0.190625 0.06875 0.0734375
3 0.3170318265625 1 0.3608601796875 0.988914559375 0.3780530296875 0.8745322515625 0.3695095921875 0.8671863140625 0.33266995312500003 0.85951450625 0.3178956171875 0.8388096359375 0.300047059375 0.8303211734374999 0.28078309687499997 0.7948969390625 0.210395946875 0.7783833140625 0 0.753963146875 0 0.902102096875 1.484375e-7 0.9021021984375001 0.1038798375 0.902263146875 0.170431084375 0.9371965921875001 0.2150799640625 0.9710150000000001 0.23994859062499999 0.999256228125 0.2430851375 1 0.3170318265625 1
3 1 0.5890625 0.55 0.5890625 0.55 0.7258619078125 0.611597103125 0.7399416671875 0.680167478125 0.8782978359375001 0.7417625140624999 0.8715819843749999 0.8497416546875 0.760614884375 1 0.861323409375 1 0.5890625