3 0.4757979671875 0 0.447084921875 0.09320515 0.3423414 0.3926031234375 0.3451499609375 0.4084429796875 0.4106143359375 0.4342892359375 0.5796875 0.49193156718750003 0.5796875 0 0.4757979671875 0
3 0 0.61875 0.2710829140625 0.61875 0.3253593796875 0.46111969999999997 0.335777025 0.4068681515625 0.3102504421875 0.38981598281249996 0.07636557187500001 0.3059778984375 0.048706734375 0.3047168578125 0 0.2896045625 0 0.61875
3 0.046214560937499996 0 0 0.13421683281250002 0 0.28648449062500003 0.0019395046875 0.286961078125 0.014922071875000002 0.273253478125 0.0551522328125 0.2524026546875 0.10812132031249999 0.242548325 0.1544285765625 0.256840659375 0.1764917109375 0.2743528 0.2420535421875 0.29031742031249996 0.25580986875 0.2983591671875 0.2703886859375 0.3232094453125 0.296012721875 0.3303799765625 0.34428463125 0.295772825 0.38202001874999997 0.277368046875 0.47438668906250003 0 0.046214560937499996 0
1 0.6390625 0.28046875 0.11875 0.4578125
1 0.68828125 0.340625 0.2171875 0.490625
1 0.71015625 0.3359375 0.2578125 0.4390625
1 0.81640625 0.309375 0.3671875 0.61875
1 0.94765625 0.3875 0.1046875 0.4625
3 0.5796875 1 0.5796875 0.61875 0.3264927953125 0.61875 0.2595968125 0.8130300374999999 0.25487232656250003 0.8411488484375 0.3489583265625 0.9710446625 0.366287115625 1 0.5796875 1
3 0.11328125 0.91953125 0.2265625 0.1609375
3 0.92109375 0.8953125 0.0375 0.0359375
3 0.9890625 0.98125 0.021875 0.0375
3 0.9515625 0.971875 0.0296875 0.0328125
3 0.8234375 0.825 0.021875 0.0265625