3 0.4140625 0.1109375 0.4078125 0.1375 0.412367334375 0.459375 0.56875 0.459375 0.56875 0.0696022734375 0.4875 0.0640625 0.4546875 0.075 0.4140625 0.1109375
3 0.134375 0.10234375 0.26875 0.2046875
3 0.784375 0.2296875 0.43125 0.459375
0 0.234375 0.584375 0.46875 0.25
3 0.93125 0.5421875 0.0234375 0.0484375
3 0.97578125 0.775 0.0484375 0.053125
3 0.89296875 0.83046875 0.0328125 0.0453125
3 0.90703125 0.89296875 0.0265625 0.0484375
3 0.74140625 0.7859375 0.0265625 0.0359375
3 0.59765625 0.79921875 0.0578125 0.0953125
3 0.77421875 0.59296875 0.0265625 0.034375
3 0.85390625 0.5453125 0.021875 0.0328125