3 0.40390625 0.471875 0.3359375 0.234375
3 0.603125 0.49765625 0.171875 0.1828125
3 0.18359375 0.4375 0.2328125 0.303125
3 0.065625 0.5015625 0.13125 0.175
3 0.26171875 0.22578125 0.15 0.34375
3 0.6890625 0 0.6890625 0.526852025 0.694966640625 0.5300986015625 0.7972171109375 0.548425 1 0.47788697343750003 1 0 0.6890625 0
3 0.3796875 0.78515625 0.55 0.3921875
1 0.990625 0.96015625 0.01875 0.0390625
1 0.9671875 0.93984375 0.03125 0.0265625
1 0.9203125 0.9765625 0.0234375 0.0203125
1 0.89140625 0.99296875 0.0171875 0.0140625
1 0.8828125 0.978125 0.021875 0.0203125
1 0.84765625 0.9765625 0.0546875 0.046875