3 0.26640625 0.19921875 0.3265625 0.3984375
3 0.8548167734375 0.3409883828125 0.6217604859375 0.254873784375 0.5912450687499999 0.25152833281250003 0.5643532234374999 0.2997837625 0.51875 0.41858422187500005 0.51875 0.46875 0.9430141359374999 0.46875 0.970512115625 0.3971153125 0.8768152546874999 0.357801128125 0.8548167734375 0.3409883828125
3 0.687557759375 0 0.6390619421875 0.12260107499999999 0.6561385625 0.1609557921875 0.6708719421875 0.2184949921875 0.695110221875 0.2294728609375 0.7222516921875 0.2198075265625 0.7379587859375001 0.2224895859375 0.798443921875 0.2524023109375 0.8266018515625 0.25316914218750003 0.8712622031249999 0.271986309375 0.9055046375 0.3135830375 0.9229200765625001 0.35541514375 0.9240542250000001 0.37426080625 0.970512115625 0.3971153125 1 0.320296746875 1 0 0.687557759375 0
1 0.49609375 0.60546875 0.0453125 0.1359375
1 0.51015625 0.59140625 0.0171875 0.0484375
1 0.48515625 0.5546875 0.0671875 0.071875
1 0.45390625 0.58046875 0.0453125 0.0484375
1 0.415625 0.58984375 0.0359375 0.0359375
1 0.384375 0.55546875 0.0421875 0.0359375
1 0.3578125 0.53125 0.05625 0.0890625
1 0.3078125 0.521875 0.071875 0.075
4 0.7198967546875 1 0.731241375 0.9838050421875 0.7514384187500001 0.9747903828125001 0.7908499921875001 0.937520390625 0.8299817624999999 0.920054490625 0.8658881703124999 0.9191660359375 0.8844019609375 0.9063613187499999 0.9160989984375 0.8619380984375 0.9517221359375 0.7854868140625 0.96195931875 0.737017821875 0.95774995 0.693483053125 0.9420386078125 0.6308614609375 0.8979942515625 0.552123978125 0.8505848796875 0.5066779125 0.8215506390625 0.4923887890625 0.8118730546874999 0.5012495968749999 0.798830946875 0.5570256671875 0.7571760296875001 0.6164899390625 0.73852308125 0.659632475 0.7014959953125001 0.6988657578125 0.6935001765625 0.6706450859374999 0.6850844109375 0.665318628125 0.65731298125 0.6640899375 0.6458124921875 0.685874653125 0.6226693859375 0.678038821875 0.6312248015625 0.6666513078125 0.6417442609374999 0.6664974546875 0.6333275046875 0.63392330625 0.658148909375 0.5093107328124999 0.654781909375 0.488106765625 0.6401947140625001 0.4825072671875 0.610880675 0.48802223749999996 0.589280178125 0.4734427421875 0.5699245125 0.4775405078125 0.5424358546875 0.5382508031250001 0.54243684375 0.5654984953125 0.5211196140625 0.626481834375 0.5225230671875 0.6500759875 0.51875 0.6484760796875 0.51875 1 0.7198967546875 1