2 0.74453125 0.30234375 0.5109375 0.1328125
2 0.3859375 0.90390625 0.20625 0.1921875
1 0.7 0.72421875 0.175 0.2203125
1 0.8203125 0.57265625 0.0703125 0.0671875
1 0.72890625 0.63203125 0.0671875 0.078125
1 0.5859375 0.63046875 0.0296875 0.0328125
1 0.5640625 0.6375 0.034375 0.0359375
1 0.5453125 0.65 0.040625 0.0390625
1 0.51796875 0.659375 0.0375 0.0375
1 0.52734375 0.7046875 0.0578125 0.059375
1 0.515625 0.72109375 0.053125 0.0703125
1 0.5125 0.7375 0.046875 0.09375
1 0.9640625 0.51171875 0.065625 0.0640625
1 0.628125 0.665625 0.0703125 0.078125
1 0.6 0.67890625 0.065625 0.071875
1 0.58984375 0.67578125 0.0703125 0.071875
1 0.57265625 0.69765625 0.0375 0.05