3 0.25234375 0.56171875 0.1296875 0.0546875
3 0.253125 0.09375 0.20625 0.1875
3 0.4453125 0.18203125 0.16875 0.3640625
3 0.8453125 0.2265625 0.309375 0.334375
3 0.7046875 0.11015625 0.0828125 0.0671875
1 0.41640625 0.6328125 0.2265625 0.0875
1 0.16484375 0.63671875 0.3296875 0.0953125
1 0.203125 0.665625 0.20625 0.153125
1 0.84375 0.74140625 0.3125 0.3046875
1 0.80234375 0.92421875 0.3078125 0.1515625
1 0.6609375 0.8953125 0.2625 0.209375
1 0.66015625 0.825 0.2609375 0.35
1 0.57734375 0.69765625 0.0953125 0.2171875