3 0.10546875 0.35234375 0.1140625 0.1421875
3 0.05 0.35625 0.1 0.21875
2 0.55234375 0.11484375 0.2640625 0.2296875
1 0.1140625 0.76484375 0.2203125 0.26875
1 0.1578125 0.75703125 0.2125 0.275
1 0.08046875 0.84765625 0.0640625 0.08125
1 0.2328125 0.74375 0.23125 0.2875
1 0.22890625 0.8796875 0.15 0.1328125
1 0.28984375 0.725 0.1390625 0.25
1 0.2890625 0.865625 0.115625 0.1328125
1 0.321875 0.9015625 0.075 0.13125
3 1 0.9066546390625 0.9884986859374999 0.8978764421875001 0.9366530031250001 0.8855618249999999 0.9475503046875 0.7841057265625 0.8830831296874999 0.761907896875 0.843169265625 0.714940765625 0.845543840625 0.6382364625 0.8587097109374999 0.6 0.7915673984375 0.6 0.752961490625 0.7558643921875 0.694470046875 0.7744851390624999 0.6550734390625 0.7609198 0.638525596875 0.727535515625 0.5830984046875 0.7139876843749999 0.5817190531249999 0.6249162375 0.592742234375 0.6 0.506169484375 0.6 0.49457553125000003 0.633671284375 0.502945484375 0.714075225 0.47515550156249997 0.759879178125 0.44564132812499996 0.694343821875 0.43319202343749996 0.6 0.36101918125 0.6 0.359375 0.608076946875 0.359375 0.6707436578125 0.373685940625 0.7637013734375 0.359375 0.8218228406250001 0.359375 1 1 1 1 0.9066546390625