3 0 0 0 0.1992554671875 0.3642274640625 0.166069078125 0.377827909375 0.1601737890625 0.38181666718749996 0.151982475 0.368607125 0.000996715625 0.3684299484375 0 0 0
3 0 0.6697263453125 0.014522790625 0.668773290625 0.0470156828125 0.681615215625 0.054280495312499996 0.6890625 0.4197835671875 0.6890625 0.41397439843750006 0.5554023781249999 0.4028456703125 0.49991114999999997 0.2738654671875 0.5315855453125 0.1404689125 0.5307084843750001 0.0694121421875 0.5431990203125 0.0408494421875 0.5394240578125 0 0.5228405125 0 0.6697263453125
3 0.5046875 0.534375 0.2125 0.309375
1 0.81953125 0.34453125 0.3609375 0.6890625
1 0.69765625 0.4078125 0.1171875 0.5625
3 0.459375 0.696875 0.01875 0.0125
3 0.38984375 0.7046875 0.0234375 0.021875
3 0.3359375 0.7046875 0.0265625 0.025
3 0.340625 0.75390625 0.021875 0.0296875
3 0.3125 0.7734375 0.0296875 0.0296875
3 0.41171875 0.84375 0.0921875 0.04375
3 0.62265625 0.8359375 0.0203125 0.0171875
3 0.76171875 0.77265625 0.034375 0.065625
3 0.83671875 0.78828125 0.08125 0.096875
3 0.8125 0.7234375 0.0203125 0.0265625
3 0.75 0.70546875 0.0265625 0.0296875