3 0.45859375 0.0671875 0.0828125 0.134375
3 0.2671875 0.14375 0.2 0.25625
3 0.13125 0.059375 0.08125 0.11875
3 0.1546875 0.20234375 0.075 0.08125
3 0.71796875 0.41953125 0.2203125 0.1984375
2 0.3640625 0.64609375 0.271875 0.2546875
1 0.83671875 0.62578125 0.075 0.0921875
1 0.8171875 0.640625 0.053125 0.078125
1 0.7828125 0.6578125 0.0546875 0.0859375
1 0.75625 0.6625 0.05 0.071875
1 0.7421875 0.66328125 0.05625 0.0734375
1 0.69609375 0.67265625 0.0328125 0.059375
1 0.68203125 0.67265625 0.028125 0.053125