3 0.365625 0.48828125 0.428125 0.1828125
3 0.56015625 0.20546875 0.0390625 0.1484375
3 0.05 0.1609375 0.1 0.26875
1 0.60234375 0.25859375 0.0453125 0.0484375
1 0.61484375 0.221875 0.0203125 0.01875
1 0.640625 0.27421875 0.0484375 0.0359375
1 0.7015625 0.2125 0.0359375 0.0296875
1 0.75234375 0.24375 0.0390625 0.0328125
1 0.77109375 0.315625 0.0984375 0.071875
1 0.8234375 0.29921875 0.0640625 0.0609375
1 0.8375 0.24765625 0.0234375 0.0328125
1 0.97109375 0.36328125 0.0578125 0.0765625
1 0.9828125 0.31953125 0.034375 0.0296875
3 0.35234375 0.78984375 0.4546875 0.4203125
3 0.05078125 0.78359375 0.1015625 0.3234375
3 0.78984375 0.78984375 0.4203125 0.4203125