3 0.209375 0.35234375 0.41875 0.3953125
3 0.63671875 0.275 0.4359375 0.55
3 0.31640625 0.88125 0.025 0.0328125
3 0.2625 0.990625 0.046875 0.01875
3 0.3015625 0.94140625 0.0828125 0.065625
3 0.1828125 0.94375 0.0625 0.0890625
3 0.5484375 0.6546875 0.0171875 0.015625
3 0.57890625 0.67578125 0.01875 0.0140625
3 0.64453125 0.68984375 0.0234375 0.0234375
3 0.69453125 0.69453125 0.0265625 0.0265625
3 0.6859375 0.74140625 0.0234375 0.0296875
3 0.71015625 0.76171875 0.0296875 0.03125
3 0.53046875 0.74296875 0.0109375 0.009375
3 0.61015625 0.81875 0.0875 0.0515625