3 0.2739294796875 0 0.293593278125 0.09973498125 0.28516382500000004 0.23072333281250001 0.293790003125 0.24525721093750003 0.3244247515625 0.25781521875 0.3620369078125 0.2566571 0.37813114375 0.2481126984375 0.385680978125 0.22347405937499998 0.41047653124999994 0.19817458593749998 0.429446159375 0.194474809375 0.4816872390625 0.24258733281249997 0.4925217734375 0.259375 0.5796875 0.259375 0.5796875 0 0.2739294796875 0
3 0.6984375 0.07890625 0.2375 0.1578125
3 0.5796875 1 0.5796875 0.7932382109375 0.5394944234375 0.7253888875000001 0.5098714046875 0.7347803703125 0.442591115625 0.6984224796875 0.3663321328125 0.694425915625 0.33507965624999997 0.6654281421875 0.2607361203125 0.6943638421875 0.24315119687500003 0.682498296875 0.2199329734375 0.70864138125 0.212011759375 0.7903059484375 0.1837322109375 0.8435436812500001 0.05368754375 0.96258386875 0.05755344999999999 1 0.1897835390625 1 0.1885568046875 0.9581468796875001 0.334003015625 0.92648338125 0.435446759375 1 0.5796875 1
3 0.765625 0.53671875 0.0328125 0.0234375
3 0.63203125 0.49609375 0.01875 0.0171875
3 0.665625 0.54453125 0.01875 0.01875
3 0.640625 0.57578125 0.0515625 0.03125
3 0.5875 0.59453125 0.015625 0.0203125
3 0.75546875 0.6 0.021875 0.028125
3 0.8625 0.684375 0.0265625 0.021875
3 0.81484375 0.653125 0.0140625 0.0109375
3 0.94375 0.69453125 0.025 0.0140625
3 0.8625 0.50625 0.0515625 0.028125