3 0.16875 0.20859375 0.03125 0.046875
3 0.909375 0.075 0.18125 0.15
3 0.3703125 0.0765625 0.08125 0.153125
3 0.53984375 0.115625 0.2421875 0.23125
3 0.75234375 0.1046875 0.3296875 0.209375
3 0.1125515421875 1 0.12871658749999998 0.9624415078125 0.14137126093750002 0.945655984375 0.16041614531249998 0.9371788000000001 0.255425084375 0.9346283812499999 0.277706403125 0.9509900140624999 0.314729365625 0.961302671875 0.3296875 0.9543160578125001 0.3296875 0.2890625 0 0.2890625 0 1 0.1125515421875 1
1 0.5953125 0.31953125 0.065625 0.0609375
1 0.3828125 0.3109375 0.10625 0.04375
1 0.33828125 0.40390625 0.0171875 0.0609375
1 0.36640625 0.42734375 0.01875 0.03125
1 0.46953125 0.40234375 0.025 0.0265625
1 0.50234375 0.4015625 0.0203125 0.0234375
1 0.353125 0.4375 0.01875 0.0203125
1 0.38203125 0.4328125 0.0171875 0.0203125
1 0.4265625 0.42265625 0.0078125 0.0109375
1 0.49140625 0.40859375 0.0140625 0.021875
1 0.471875 0.41796875 0.0125 0.015625
1 0.5296875 0.39375 0.0125 0.025
1 0.58125 0.37734375 0.0125 0.0265625
1 0.59921875 0.37421875 0.0203125 0.03125
1 0.6671875 0.3421875 0.0328125 0.0453125
1 0.6953125 0.33046875 0.034375 0.046875
1 0.7109375 0.3484375 0.0203125 0.0328125
1 0.72734375 0.3296875 0.0296875 0.046875
1 0.9015625 0.3 0.03125 0.021875
1 0.81640625 0.32734375 0.01875 0.028125
1 0.79375 0.33046875 0.0359375 0.0359375