3 0.334375 0.0296875 0.121875 0.059375
3 0.25546875 0.02890625 0.0484375 0.0578125
4 0.6390625 0 0.6390625 0.28359093125 0.684667128125 0.272564603125 0.736097 0.2342880765625 0.7591566859375 0.22305979687500002 0.7958107203125 0.1813906234375 0.8233629499999999 0.1309191515625 0.8485997078124999 0.070105521875 0.8599911515625 0.004563873437499999 0.859831778125 0 0.6390625 0
3 0.6390625 1 0.6390625 0.6963725625 0.634669575 0.682162396875 0.5463745140625 0.5325211140625 0.5387459156250001 0.422193825 0.4904539234375 0.44494568125 0.48989125 0.6450872390625 0.396160140625 0.6641595 0.33094618750000004 0.634838625 0.3096042421875 0.6724484640624999 0.239235575 0.7117703546875 0.212285528125 0.696912371875 0.19049019218750002 0.6134116265625 0.1925223171875 0.4553496828125 0.128043090625 0.447068615625 0.113508990625 0.46337525468749996 0.092620434375 0.62209568125 0.10742424218749999 0.721639675 0.0897559265625 0.8644485484375 0.09646611875 0.9484760796874999 0.128459546875 1 0.3520098828125 1 0.49355325156249996 0.9662076859375001 0.546976971875 1 0.6390625 1
1 0.7625 0.3578125 0.053125 0.015625
1 0.66640625 0.35546875 0.0265625 0.0109375
1 0.64453125 0.3640625 0.0109375 0.028125
1 0.70859375 0.36328125 0.0140625 0.0265625
1 0.7140625 0.37421875 0.0109375 0.028125
1 0.72265625 0.37421875 0.009375 0.025
1 0.75859375 0.36640625 0.0140625 0.025
1 0.80859375 0.36875 0.0140625 0.0296875
1 0.6640625 0.38828125 0.0109375 0.0171875
1 0.73203125 0.3875 0.009375 0.015625
1 0.91328125 0.3609375 0.0203125 0.021875
1 0.946875 0.36484375 0.0171875 0.0203125
1 0.79375 0.37734375 0.0171875 0.0171875
1 0.8234375 0.3765625 0.0140625 0.01875
1 0.86875 0.3734375 0.00625 0.0109375
1 0.93515625 0.36953125 0.0109375 0.0203125
1 0.9140625 0.37578125 0.0109375 0.0140625
1 0.975 0.36171875 0.009375 0.0234375