3 0.315625 0.26953125 0.403125 0.3390625
3 0.4875 0.353125 0.1625 0.171875
3 0.51953125 0.16484375 0.0984375 0.1796875
3 0.93671875 0.2640625 0.1265625 0.35
3 0.753125 0.21953125 0.36875 0.4390625
1 0.23203125 0.71953125 0.4640625 0.5609375
1 0.3765625 0.72578125 0.234375 0.3625
1 0.5046875 0.48203125 0.125 0.0859375
1 0.2796875 0.903125 0.0578125 0.0625
1 0.328125 0.81484375 0.1375 0.2015625
3 1 0.8712531484375001 0.9524491359375 0.8669977078125 0.9346745578125001 0.8761876484375 0.9202238984375001 0.89711970625 0.879903259375 0.9338996156249999 0.8735479984375001 0.9481737625 0.8768618421875001 0.97530471875 0.871428696875 1 1 1 1 0.8712531484375001
3 0.65234375 0.85234375 0.1671875 0.2953125
3 0.7515625 0.51328125 0.346875 0.1484375