3 0 0 0 0.24686251874999998 0.006575350000000001 0.25 0.0348206515625 0.25 0.06443051875 0.23462878125 0.1160147953125 0.24069642500000002 0.11758581093750001 0.25 0.19340258906250002 0.25 0.19731887812499999 0.2246551703125 0.2199646078125 0.1878469265625 0.3242929734375 0.24725782187499998 0.335765453125 0.25 0.3974982234375 0.25 0.35790211250000004 0 0 0
3 0.7765625 0.125 0.446875 0.25
3 0.3171875 0.4 0.203125 0.3
3 0.0828125 0.49296875 0.165625 0.2671875
3 0.15625 0.79296875 0.3125 0.4140625
3 0.69765625 0.67265625 0.034375 0.0328125
3 0.5703125 0.63515625 0.0703125 0.04375
3 0.58359375 0.59296875 0.0203125 0.015625
3 0.63515625 0.6203125 0.025 0.0296875
3 0.63671875 0.546875 0.0296875 0.03125
3 0.6 0.53125 0.021875 0.03125
3 0.721875 0.51796875 0.021875 0.0140625
3 0.59375 0.4765625 0.03125 0.028125
3 0.8171875 0.68984375 0.01875 0.025