3 0 0.359375 0.3067345890625 0.359375 0.345669471875 0.19272109843750002 0.3695724796875 0.0683479296875 0.3633661578125 0.0605006859375 0.34814162656250003 0.056985826562499994 0.3372494765625 0.062489176562500005 0.31463786250000003 0.15348488437500002 0.2878123328125 0.22105732968749997 0.259114821875 0.26895439374999996 0.22772584999999998 0.29377968125 0.219408653125 0.3159135078125 0.20160525156250003 0.33746087187499996 0.189309115625 0.32820768437500003 0.1788888796875 0.2969371796875 0.12034051875 0.2032402171875 0.101486575 0.187662240625 0.06986654375 0.17875858125 0.00287664375 0.1841395453125 0 0.1833479453125 0 0.359375
3 0.38359375 0.21640625 0.2515625 0.2859375
4 0.509375 0 0.509375 0.359375 1 0.359375 1 0 0.509375 0
1 0.2453125 0.725 0.490625 0.51875
1 0.340625 0.72890625 0.3375 0.5421875
1 0.1640625 0.6484375 0.26875 0.2859375
1 0.46171875 0.73828125 0.0953125 0.4140625
1 0.46171875 0.76875 0.0953125 0.39375
3 0.62890625 0.7375 0.2390625 0.4875
3 0.553125 0.52265625 0.0875 0.2765625
3 0.84453125 0.8015625 0.3109375 0.396875