3 0 0.5796875 0.47918864843750003 0.5796875 0.528634403125 0.4715747640625 0.5296875 0.46881905156250003 0.5296875 0.44249751406250004 0.398625365625 0.5208181578125 0.2759054296875 0.494938875 0.2640210703125 0.3809400734375 0.25269222343750003 0.3756573453125 0.250798996875 0.3575342390625 0.23852353750000002 0.3431899578125 0.21936602187499998 0.3583930546875 0.199922234375 0.363118490625 0.18850558906249998 0.38020718593749997 0.171329096875 0.39116196406250003 0.1108182375 0.3767375109375 0.0735452421875 0.41969780781250005 0.117627746875 0.42128950937500004 0.13178880625 0.42789292031250004 0.086671890625 0.43961108906249996 0.0457956671875 0.4274463046875 0.0047362203125 0.43416039062499995 0 0.4314044609375 0 0.5796875
3 0.27109375 0.23515625 0.5171875 0.3953125
3 0.73984375 0.5265625 0.2421875 0.10625
3 0.83828125 0.275 0.3234375 0.55
3 0.675 0.24375 0.290625 0.4875
3 0.2453125 0.67734375 0.18125 0.1953125
3 0.31875 0.8875 0.1296875 0.1234375
3 0.42890625 0.7625 0.1984375 0.23125
3 0.4671875 0.6328125 0.125 0.10625
3 0.93046875 0.78984375 0.1390625 0.4203125
3 0.57421875 0.87578125 0.0890625 0.2484375