3 0.3328125 0.3671875 0.15 0.184375
3 0.08828125 0.29140625 0.1765625 0.2328125
1 0.61171875 0.10546875 0.01875 0.0140625
1 0.6671875 0.1046875 0.021875 0.0140625
1 0.73828125 0.103125 0.021875 0.0125
1 0.7890625 0.128125 0.0140625 0.0140625
1 0.815625 0.13203125 0.015625 0.015625
1 0.8421875 0.1328125 0.0140625 0.0125
1 0.85625 0.1296875 0.0109375 0.0078125
1 0.784375 0.1390625 0.0171875 0.009375
1 0.76171875 0.13515625 0.0140625 0.0140625
1 0.74140625 0.140625 0.0109375 0.0078125
1 0.603125 0.1515625 0.0109375 0.015625
1 0.58125 0.153125 0.0078125 0.0109375
1 0.50859375 0.15390625 0.009375 0.0140625
1 0.49453125 0.15703125 0.0140625 0.0078125
1 0.48828125 0.16015625 0.0109375 0.0109375
1 0.47890625 0.15859375 0.0140625 0.0109375
1 0.45 0.1625 0.0171875 0.0125
1 0.69140625 0.14375 0.0125 0.0078125
1 0.91640625 0.12109375 0.0109375 0.0078125
1 0.990625 0.08984375 0.01875 0.0234375
1 0.9796875 0.12109375 0.0140625 0.015625
1 0.971875 0.12265625 0.015625 0.0140625
1 0.95390625 0.121875 0.015625 0.0125
3 0.225 0.78125 0.2390625 0.2125
3 0.75234375 0.78359375 0.075 0.078125
3 0.659375 0.953125 0.059375 0.0796875
3 0.92578125 0.97578125 0.0421875 0.0484375