3 0.28671875 0.296875 0.0734375 0.084375
3 0.684375 0.128125 0.2625 0.25625
3 0.89375 0.14296875 0.2125 0.2859375
1 0.0640625 0.49375 0.128125 0.309375
1 0.26796875 0.48828125 0.1640625 0.2984375
1 0.1390625 0.5 0.13125 0.2734375
1 0.32421875 0.50859375 0.0890625 0.2984375
1 0.30546875 0.61796875 0.0515625 0.071875
1 0.25546875 0.62578125 0.046875 0.04375
1 0.2796875 0.621875 0.0296875 0.0578125
1 0.23046875 0.62734375 0.0296875 0.04375
1 0.20546875 0.62109375 0.0609375 0.05625
1 0.19375 0.603125 0.0484375 0.078125
4 1 0.3390625 0.922991571875 0.3390625 0.876395821875 0.3456478203125 0.8205503546875 0.36409684531250003 0.789604478125 0.3597476859375 0.7591429984375 0.365985640625 0.718526534375 0.36027736875 0.6427370015625 0.394331753125 0.6126379515625 0.3979908859375 0.5934187468750001 0.4084385984375 0.5873149484375 0.416784921875 0.5847779390625 0.434836684375 0.6041295296875 0.5637848203125 0.613681621875 0.59405463125 0.613441159375 0.6097993921875 0.5980936609375 0.6628673875 0.5901167296875001 0.6775248578124999 0.5728926249999999 0.6948273625 0.5605630609375 0.698354075 0.536506825 0.6870839140625 0.5247191703125 0.665704071875 0.51129884375 0.634890615625 0.510814446875 0.6243035015625 0.5041652671875 0.6154797421875 0.504768159375 0.5971561578125 0.495578496875 0.5643075234375 0.47436071875 0.5258238078125 0.4622716171875 0.5136057578125001 0.3901029109375 0.479795275 0.36875 0.627291925 0.36875 0.724512209375 0.3781566140625 0.733202984375 0.4095868875 0.748139259375 0.43642406874999995 0.767689534375 0.47631914531249997 0.8206320890625 0.499288090625 0.8396387203125 0.52056338125 0.8426287671875 0.537062625 0.8304839078124999 0.5438303 0.8103969687499999 0.5353654984375 0.7723906875 0.534034271875 0.7537952812500001 0.53747909375 0.7503347812500001 0.5780955578125 0.756043053125 0.6249987703125 0.7731539062499999 0.6577602703125 0.8066855875 0.680488753125 0.8414369796875001 0.705754246875 0.8581366078125001 0.835096171875 0.8500168374999999 0.8923913578124999 0.8212525203125001 0.9170504859375 0.8141990968749999 0.9603834375 0.779527878125 0.9962813671875 0.734607575 1 0.7287789640625 1 0.3390625