3 0.240625 0.2296875 0.359375 0.11875
3 0.40859375 0.15078125 0.2828125 0.2765625
3 0.53203125 0.171875 0.2109375 0.234375
3 0.19296875 0.09921875 0.1859375 0.1984375
2 0.81796875 0.14453125 0.3578125 0.2890625
1 0.03515625 0.8484375 0.0703125 0.25625
1 0.0859375 0.859375 0.171875 0.209375
1 0.12265625 0.8 0.196875 0.215625
1 0.25 0.7671875 0.2703125 0.2453125
1 0.596875 0.6546875 0.084375 0.18125
3 0.93828125 0.6046875 0.115625 0.1421875
3 0.8625 0.6703125 0.1890625 0.21875
3 0.66640625 0.47109375 0.0546875 0.1421875