3 0.38046875 0.12109375 0.2390625 0.2421875
3 0.31484375 0.32109375 0.3703125 0.4578125
3 0 0.548384428125 0.005634170312500001 0.55 0.12415170625000001 0.55 0.199991846875 0.285513996875 0.19678882343749998 0.26834086562500004 0.1459533984375 0.23588389687500003 0.0036642765625 0.22759250468749997 0 0.2280702765625 0 0.548384428125
4 0.5 0 0.5 0.167982321875 0.5194544999999999 0.17441433906249998 0.5155288296875 0.19873355312500002 0.5384475265625001 0.214465540625 0.548374196875 0.2152763765625 0.5717435671875 0.19755035 0.5777035328125 0.25116689999999997 0.5666366140625 0.2968476859375 0.5641172171875 0.36940651875 0.5409662296875 0.42180020625000003 0.5433625265625001 0.43470087812499997 0.5751497109375 0.44076231874999994 0.64036264375 0.43299914843750004 0.72292343125 0.3966231546875 0.7731576812500001 0.3560666484375 0.8027193109375 0.32383149843750003 0.8237129 0.27896155 0.841272528125 0.1964663 0.8426927109375001 0.141912584375 0.8356130109375 0.12054440468750001 0.8074715640625 0.0982258390625 0.786730784375 0.0607268640625 0.77768494375 0.0072432468750000005 0.7736786859375 0 0.5 0
3 0.5 1 0.5 0.615259434375 0.32605670937500003 0.5947776046875 0.1983495 0.55 0 0.55 0 0.9963691375 0.0443919703125 1 0.063012103125 1 0.09023327812500001 0.982957621875 0.1351691 1 0.5 1
3 0.5109375 0.678125 0.021875 0.075
3 0.525 0.609375 0.0328125 0.0375
3 0.65859375 0.78515625 0.0296875 0.0359375
3 0.9234375 0.85078125 0.0734375 0.06875
3 0.95859375 0.628125 0.06875 0.0921875
3 0.56875 0.5671875 0.0875 0.034375