3 0.11171875 0.14921875 0.2234375 0.2984375
3 0.36484375 0.21171875 0.2484375 0.4234375
3 0.3296875 0.4390625 0.31875 0.121875
1 0.76640625 0.3171875 0.2375 0.2609375
1 0.64375 0.39765625 0.309375 0.2046875
1 0.5828125 0.253125 0.1875 0.259375
1 0.603125 0.26484375 0.228125 0.3171875
1 0.62265625 0.3015625 0.2625 0.2546875
1 0.8109375 0.40625 0.328125 0.1875
3 0.02421875 0.7390625 0.0484375 0.134375
3 0.440625 0.98125 0.096875 0.0375
3 0.08984375 0.97109375 0.1046875 0.0578125
3 0.0109375 0.975 0.021875 0.05
1 0.5828125 0.86875 0.1875 0.2625
1 0.67578125 0.8890625 0.2140625 0.221875
1 0.890625 0.91484375 0.21875 0.1703125
1 0.865625 0.90625 0.26875 0.1875
1 0.84453125 0.90703125 0.3109375 0.1859375