3 0.43203125 0.5796875 0.3359375 0.11875
3 0.30078125 0.42109375 0.16875 0.2078125
3 0.44140625 0.278125 0.2046875 0.1984375
3 0.47578125 0.09375 0.2109375 0.1796875
3 0.121875 0.4453125 0.24375 0.284375
3 0.2828125 0.059375 0.128125 0.11875
3 0.93203125 0.50703125 0.1359375 0.2640625
3 0.71640625 0.53203125 0.2140625 0.2046875
3 0.93984375 0.04921875 0.1203125 0.0984375
0 0.3 0.81953125 0.6 0.3609375
3 1 0.6390625 0.6 0.6390625 0.6 0.991450775 0.7321650375 0.9509951031250001 0.8270923218749999 0.9502403218750001 0.8860468890625001 1 0.9848901 1 1 0.9824399203124999 1 0.6390625