1 0.94375 0.03046875 0.1125 0.0609375
1 0.47109375 0.2 0.2234375 0.4
1 0.51875 0.2 0.31875 0.4
1 0.5765625 0.2 0.434375 0.4
1 0.70546875 0.203125 0.4234375 0.39375
1 0.93828125 0.07109375 0.1234375 0.1421875
1 0.925 0.0953125 0.15 0.190625
1 0.228125 0.571875 0.2125 0.34375
1 0.13046875 0.525 0.2609375 0.25
1 0.1296875 0.5046875 0.259375 0.209375
1 0.16640625 0.5328125 0.3328125 0.265625
3 0.51953125 0.64140625 0.059375 0.053125
3 0.5703125 0.74453125 0.028125 0.0421875
3 0.66875 0.7703125 0.115625 0.10625
3 0.82421875 0.78046875 0.0578125 0.0703125