3 0 0.65 0.31617261874999997 0.65 0.3348079140625 0.601682446875 0.32838695156250003 0.5854360015625 0.2867685296875 0.5770894546875 0 0.5550554453125 0 0.65
3 0.3564049265625 0.5878872562499999 0.4890625 0.6004625484375 0.4890625 0.29781208124999997 0.395607371875 0.301150353125 0.3855871421875 0.308116040625 0.379419490625 0.32482959375 0.3564049265625 0.5878872562499999
3 0 0 0 0.5494990453125 0.005440759375 0.547771059375 0.027310134375 0.5308627593749999 0.039100715625 0.50366186875 0.0597444625 0.5007625578125 0.061728609375 0.4601559671875 0.06836336875 0.45603102812499996 0.0727606703125 0.459552678125 0.06921996875 0.5000230875 0.1015576296875 0.5248108265625 0.1590139546875 0.531406071875 0.18782996406250002 0.560591109375 0.26071564999999997 0.57010471875 0.306264265625 0.5693843000000001 0.304240603125 0.5566595046875 0.32640139218750003 0.5005649875 0.3538160796875 0.49198418281249995 0.359166646875 0.4846099546875 0.373155171875 0.3964310875 0.3703525265625 0.3208994 0.3312044125 0.2484617703125 0.31801250937500003 0.2378968171875 0.27497371406250004 0.2278575359375 0.24946555781250002 0.21464658281250001 0.16484644531249998 0.1241145390625 0.135777125 0.0619695 0.10371182500000001 0.0340686546875 0.075499103125 0.0159156765625 0.035981959375 0.00147909375 0.0237757359375 0 0 0
3 0.79140625 0.3796875 0.35 0.4
3 0.56875 0.4953125 0.1 0.0953125
3 0.5859375 0.2375 0.13125 0.1125
3 0.54140625 0.384375 0.0421875 0.0453125
3 0.5484375 0.10546875 0.0578125 0.0578125
3 0.42578125 0.825 0.1265625 0.35
3 0.753125 0.83515625 0.375 0.3296875
3 0.9515625 0.825 0.096875 0.35
3 0.803125 0.96796875 0.225 0.0640625
3 0.5109375 0.74375 0.04375 0.1875