2 0.71015625 0.23671875 0.2609375 0.2890625
3 0.215625 0.9234375 0.371875 0.153125
3 0.225 0.6765625 0.45 0.434375
1 0.93984375 0.6421875 0.04375 0.0765625
1 0.81953125 0.6421875 0.0671875 0.0640625
1 0.82421875 0.62109375 0.0546875 0.0640625
1 0.81328125 0.67421875 0.0140625 0.0265625
1 0.8046875 0.67109375 0.015625 0.0234375
1 0.7984375 0.6484375 0.034375 0.04375
1 0.784375 0.67421875 0.0234375 0.01875
1 0.7796875 0.63671875 0.04375 0.0484375
1 0.7703125 0.66171875 0.0125 0.0125
1 0.7609375 0.6640625 0.01875 0.0234375
1 0.76015625 0.64140625 0.025 0.034375
1 0.74453125 0.653125 0.0140625 0.021875
1 0.7296875 0.6453125 0.03125 0.0359375
1 0.7046875 0.640625 0.028125 0.0296875
1 0.696875 0.6171875 0.0359375 0.046875
1 0.68828125 0.615625 0.025 0.0421875
1 0.64296875 0.61796875 0.0109375 0.0109375
1 0.61875 0.62265625 0.025 0.0296875