3 0.1296875 0.253125 0.259375 0.2125
0 0.2 0.6796875 0.4 0.640625
3 0.809375 0.69375 0.0390625 0.071875
3 0.89140625 0.70859375 0.090625 0.1078125
3 0.8375 0.5765625 0.01875 0.0265625
3 0.86328125 0.6390625 0.0234375 0.028125
3 0.79375 0.62109375 0.028125 0.034375
3 0.634375 0.77421875 0.025 0.034375
3 0.7671875 0.43671875 0.075 0.1140625
3 0.8546875 0.421875 0.0265625 0.025
3 0.93671875 0.3796875 0.0265625 0.0328125
3 0.98984375 0.38203125 0.0203125 0.0390625
3 0.75859375 0.56015625 0.084375 0.0484375