3 0.35625 0.06171875 0.165625 0.1234375
1 0.5453125 0.3984375 0.2125 0.140625
1 0.5453125 0.2484375 0.084375 0.0734375
1 0.6953125 0.2671875 0.0703125 0.075
1 0.77890625 0.29765625 0.128125 0.0453125
1 0.7265625 0.29453125 0.01875 0.0171875
1 0.746875 0.29453125 0.021875 0.01875
1 0.7703125 0.29921875 0.0328125 0.021875
1 0.7921875 0.3015625 0.0171875 0.0203125
1 0.80546875 0.30390625 0.015625 0.0265625
1 0.8109375 0.309375 0.0265625 0.0234375
1 0.82890625 0.30546875 0.0140625 0.01875
1 0.8578125 0.2984375 0.0375 0.0515625
1 0.8453125 0.31484375 0.0109375 0.015625
1 0.85546875 0.3140625 0.0328125 0.025
1 0.8765625 0.31484375 0.0140625 0.021875
1 0.89296875 0.31953125 0.03125 0.0296875
1 0.89375 0.31484375 0.021875 0.01875
1 0.90703125 0.31328125 0.0375 0.059375
1 0.90859375 0.30390625 0.028125 0.046875
1 0.92578125 0.31953125 0.0203125 0.0296875
1 0.94375 0.3171875 0.01875 0.0265625
1 0.94453125 0.31796875 0.0140625 0.0375
1 0.95703125 0.31171875 0.0265625 0.053125
1 0.97421875 0.3265625 0.021875 0.0296875
1 0.97734375 0.32578125 0.0171875 0.0203125
1 0.98984375 0.32890625 0.0203125 0.0265625
1 0.9984375 0.3234375 0.003125 0.028125
1 0.15703125 0.8625 0.0703125 0.0890625
1 0.18046875 0.85546875 0.0484375 0.0765625
1 0.21796875 0.8515625 0.05 0.0828125
1 0.24453125 0.85625 0.046875 0.0703125
1 0.25859375 0.86015625 0.0515625 0.0703125
1 0.3046875 0.8671875 0.0296875 0.0578125
1 0.31796875 0.871875 0.025 0.0515625
3 0.94609375 0.671875 0.084375 0.075
3 0.865625 0.65234375 0.1234375 0.1078125