3 0 0 0 0.5 0.3380281984375 0.5 0.38732297656250003 0.48024654843750003 0.4435280296875 0.5 0.5762416375 0.5 0.6 0.43090704999999996 0.6 0.3821102140625 0.5771847828125 0.219268525 0.595251134375 0.1361740171875 0.5899847609375 0.0813931578125 0.565204503125 0 0 0
3 0.85703125 0.25 0.2859375 0.5
3 0.73203125 0.2015625 0.2640625 0.403125
1 0.390625 0.92890625 0.1875 0.1421875
1 0.590625 0.9671875 0.01875 0.046875
1 0.53515625 0.95078125 0.1203125 0.071875
1 0.50546875 0.9640625 0.0953125 0.071875
1 0.3140625 0.90546875 0.04375 0.0703125
1 0.22109375 0.88671875 0.1546875 0.1484375
1 0.13203125 0.853125 0.1046875 0.121875
1 0.09453125 0.82109375 0.0625 0.096875
1 0.04921875 0.83203125 0.0984375 0.1171875
1 0.0171875 0.803125 0.034375 0.134375
3 0.81484375 0.65 0.3703125 0.3