3 0.0509604765625 0 0.053144356250000004 0.1861456796875 0.014431307812499999 0.286327921875 0.0558127875 0.49415982343750003 0.0381526234375 0.5357645640625 0.044449428125 0.5568502875 0.0269521421875 0.5801112765625 0.0407309515625 0.6105105515625 0.090526653125 0.6009594265625 0.13014419531250002 0.642326590625 0.179939896875 0.632775465625 0.2796875 0.698614059375 0.2796875 0 0.0509604765625 0
4 0.44762076406249995 0 0.4007802296875 0.0581498765625 0.2796875 0.2765259828125 0.2796875 0.3474374921875 0.3278652453125 0.404879278125 0.2796875 0.584227575 0.2796875 0.5891678625 0.6433177015625 0.7390625 0.9450575156250001 0.7390625 0.9955317296875 0.65645991875 1 0.644967759375 1 0.10440884218749999 0.92201905 0.164825559375 0.85922280625 0.17530159375 0.8691317218749999 0.074478696875 0.9119272640625 0 0.44762076406249995 0
1 0.2125 0.78046875 0.134375 0.0828125
1 0.253125 0.80390625 0.053125 0.0796875
1 0.11875 0.80390625 0.0296875 0.0328125
1 0.096875 0.79609375 0.034375 0.0359375
1 0.078125 0.7828125 0.040625 0.0390625
1 0.05078125 0.7734375 0.0390625 0.0375
1 0.0609375 0.7484375 0.059375 0.01875
1 0.1609375 0.7734375 0.071875 0.06875
1 0.1328125 0.76484375 0.065625 0.0515625
1 0.12265625 0.76640625 0.0703125 0.0546875
1 0.10625 0.75 0.0375 0.021875
3 1 0.7390625 0.8537014656249999 0.7390625 0.856834109375 0.746413659375 0.8265559734375 0.8341502765625 0.8252427812500001 0.9274758562500001 0.8512573906249999 0.9318124750000001 0.8780686734375 0.909663546875 0.9121376171875 0.9442427406249999 0.9169614578124999 0.932878484375 1 0.9553885234375 1 0.7390625