3 0 0 0 0.282094421875 0.1151563640625 0.19600328281249998 0.26713108124999996 0.33688824687499996 0.2897564921875 0.47105445625 0.2909340421875 0.5395069578125 0.3117227828125 0.551660290625 0.3456371125 0.518039259375 0.42246085781250003 0.5524526296875 0.45 0.529123121875 0.45 0 0 0
3 0.72890625 0.3078125 0.0984375 0.0671875
3 0.659375 0.45390625 0.0390625 0.0390625
3 0.75234375 0.396875 0.04375 0.0375
3 0.815625 0.37421875 0.0484375 0.0421875
3 0.859375 0.3375 0.046875 0.0375
3 0.8765625 0.44609375 0.05625 0.046875
3 0.9890625 0.4359375 0.021875 0.04375
3 0.92890625 0.24765625 0.0421875 0.0359375
3 0.85703125 0.2375 0.0453125 0.0453125
3 0.9125 0.6453125 0.1046875 0.071875
3 0.78125 0.52734375 0.0453125 0.040625
3 0.225 0.90078125 0.45 0.1984375
3 0.83984375 0.8546875 0.3203125 0.290625
3 0.66875 0.78046875 0.4375 0.1421875