3 0.11875 0.05859375 0.171875 0.1171875
3 0.375 0.57265625 0.25 0.2859375
3 0.19921875 0.5234375 0.1953125 0.1875
3 0.1340328609375 1 0.14022735 0.98276126875 0.14470142187499999 0.9166211609375001 0.1684163484375 0.8050512 0.19961814375 0.7334103953125 0.2165260109375 0.7290172375 0.22283134218749998 0.7143834046875 0.2404108890625 0.6542237656250001 0.23842471875000001 0.641022334375 0.1327392734375 0.6121685703125 0 0.5830399484375001 0 0.828030025 0.0023573984375 0.8272609390625 0.01393451875 0.832916546875 0.021768206249999998 0.8186075765625 0.0761612421875 0.7806495499999999 0.0911199359375 0.7854265265625 0.1030589171875 0.8119253421874999 0.10678185625 1 0.1340328609375 1
3 0.5 1 0.5 0.687037434375 0.4375317671875 0.6737594015624999 0.2562112171875 0.64001075 0.2442132796875 0.6438501375000001 0.2254302375 0.702156559375 0.19307698906249998 0.8693970468750001 0.1999730890625 0.8820447078125 0.2137282890625 0.8849684671875 0.2650056578125 0.876698921875 0.294982003125 0.85591466875 0.32209354375 0.8185474109375 0.330385046875 0.817115009375 0.34131244375 0.825827328125 0.3511693 0.847091353125 0.3503276671875 0.8660813453125 0.37703343437500003 0.9132904171874999 0.3915493546875 0.980272159375 0.39929645156250004 1 0.5 1
1 0.9015625 0.9515625 0.134375 0.096875
1 0.8390625 0.95546875 0.203125 0.0890625
1 0.8078125 0.93828125 0.171875 0.1234375
1 0.7421875 0.93828125 0.165625 0.1234375
1 0.628125 0.925 0.184375 0.15
1 0.54375 0.9078125 0.0875 0.184375
1 0.55390625 0.89453125 0.1078125 0.2109375