1 0.8515625 0.05390625 0.2375 0.1078125
1 0.53046875 0.1984375 0.1015625 0.1625
1 0.6421875 0.22734375 0.0390625 0.075
1 0.61015625 0.24375 0.0671875 0.0984375
1 0.59609375 0.26171875 0.0375 0.0734375
1 0.6734375 0.26171875 0.03125 0.0640625
1 0.6578125 0.25703125 0.0265625 0.040625
1 0.69453125 0.2671875 0.03125 0.0625
1 0.73046875 0.2546875 0.059375 0.0671875
1 0.23984375 0.63515625 0.4796875 0.4921875
1 0.09609375 0.4890625 0.1921875 0.2
1 0.78515625 0.6765625 0.4296875 0.43125
1 0.70703125 0.86875 0.1125 0.1171875
1 0.55 0.75078125 0.140625 0.2609375