3 0.33515625 0.30703125 0.2296875 0.4890625
3 0.86328125 0.36875 0.115625 0.0984375
3 0.73671875 0.321875 0.0859375 0.0796875
3 0.66015625 0.04453125 0.0734375 0.0578125
3 0.79453125 0.01015625 0.0421875 0.0203125
3 0.5671875 0.30234375 0.1015625 0.1203125
3 0.49375 0.34375 0.0234375 0.034375
3 0.7078125 0.16015625 0.05625 0.0609375
3 0.76484375 0.240625 0.0328125 0.040625
3 0.90390625 0.209375 0.0421875 0.0484375
3 0.97109375 0.05703125 0.0515625 0.0546875
3 0.38984375 0.84140625 0.1203125 0.2453125
3 0.225 0.859375 0.45 0.28125