3 0.21484375 0.175 0.4296875 0.35
1 0.046875 0.76796875 0.09375 0.2765625
1 0.5796875 0.74609375 0.075 0.0359375
1 0.56640625 0.803125 0.0921875 0.1015625
1 0.55 0.71953125 0.06875 0.0296875
1 0.528125 0.771875 0.03125 0.034375
1 0.47890625 0.815625 0.109375 0.0828125
1 0.45 0.74140625 0.159375 0.103125
1 0.4078125 0.815625 0.08125 0.0796875
1 0.4125 0.73828125 0.0390625 0.040625
1 0.36640625 0.75546875 0.071875 0.0578125
1 0.34375 0.715625 0.0375 0.0421875
1 0.275 0.859375 0.115625 0.134375
1 0.22109375 0.9015625 0.2078125 0.196875
1 0.3140625 0.68984375 0.0296875 0.0296875
1 0.2703125 0.70625 0.0375 0.0296875
1 0.23515625 0.715625 0.0375 0.0875
1 0.1875 0.7015625 0.059375 0.0640625
1 0.134375 0.80546875 0.1203125 0.115625
0 0.78515625 0.675 0.2328125 0.65