3 0.34765625 0.159375 0.3421875 0.31875
1 0.9390625 0.20390625 0.0609375 0.0578125
1 0.9328125 0.1828125 0.0484375 0.0609375
1 0.95078125 0.234375 0.0109375 0.0265625
1 0.94140625 0.23671875 0.0125 0.021875
1 0.925 0.2203125 0.028125 0.0421875
1 0.92578125 0.25 0.021875 0.015625
1 0.90234375 0.2203125 0.0390625 0.0453125
1 0.9078125 0.24609375 0.0109375 0.0109375
1 0.90078125 0.253125 0.015625 0.0234375
1 0.88828125 0.23359375 0.0203125 0.0328125
1 0.88125 0.25234375 0.0109375 0.021875
1 0.8640625 0.253125 0.028125 0.0328125
1 0.840625 0.26171875 0.0265625 0.028125
1 0.821875 0.2453125 0.03125 0.0453125
1 0.81328125 0.2484375 0.0203125 0.0421875
1 0.77578125 0.27421875 0.009375 0.009375
1 0.75703125 0.290625 0.0203125 0.028125
1 0.67578125 0.29921875 0.015625 0.0390625
1 0.628125 0.22734375 0.0296875 0.059375
1 0.5953125 0.20234375 0.053125 0.109375
1 0.54765625 0.2453125 0.0390625 0.071875
3 0.37421875 0.65859375 0.2890625 0.3828125
3 0.18125 0.6375 0.2203125 0.4703125
3 0.06640625 0.64140625 0.1328125 0.2390625
3 0.25546875 0.4125 0.1421875 0.1875
3 1 0.31875 0.51875 0.31875 0.51875 1 1 1 1 0.31875