3 0 0.4296875 0.4353064921875 0.4296875 0.425647553125 0.38875337656250003 0.4497729625 0.38231863593750004 0.4579379 0.3142817765625 0.38130087343749997 0.140438084375 0.30874313125 0.09557809218749999 0.301250115625 0.07287946875 0.2520853578125 0.0909321484375 0.17526044999999998 0.17892850625 0.136088503125 0.1185779296875 0.0942957546875 0.11655309062500001 0 0.173388809375 0 0.4296875
1 0.9609375 0.19375 0.078125 0.15
1 0.95078125 0.16484375 0.090625 0.121875
1 0.91171875 0.16953125 0.0609375 0.090625
1 0.8640625 0.16875 0.0484375 0.0703125
1 0.85703125 0.14921875 0.06875 0.08125
1 0.840625 0.1265625 0.0578125 0.0734375
1 0.75078125 0.11640625 0.03125 0.0453125
1 0.57421875 0.06875 0.0640625 0.13125
1 0.540625 0.11328125 0.0625 0.109375
1 0.525 0.1140625 0.03125 0.175
3 0.18359375 0.534375 0.3671875 0.209375
3 0.91640625 0.803125 0.1671875 0.2875
3 0.6734375 0.61328125 0.328125 0.3671875