3 0.1125 0.171875 0.225 0.34375
3 0.83515625 0.10546875 0.0875 0.053125
3 0.80859375 0.27578125 0.0671875 0.0390625
3 0.7015625 0.14140625 0.1453125 0.0890625
3 0.73671875 0.19375 0.03125 0.0296875
3 0.5515625 0.07265625 0.13125 0.1
1 0.95703125 0.540625 0.0859375 0.184375
1 0.515625 0.5984375 0.1609375 0.26875
1 0.4234375 0.61796875 0.06875 0.2921875
1 0.43671875 0.6421875 0.0953125 0.2375
1 0.44765625 0.67578125 0.1171875 0.2125
1 0.4875 0.6921875 0.115625 0.2015625
1 0.53359375 0.7078125 0.0703125 0.1359375
1 0.54375 0.74296875 0.065625 0.109375
1 0.43671875 0.7609375 0.0953125 0.128125
1 0.41015625 0.78671875 0.0421875 0.0828125
1 0.415625 0.79140625 0.053125 0.0953125
1 0.48671875 0.78984375 0.0375 0.05625
1 0.49765625 0.79765625 0.040625 0.059375
1 0.540625 0.8140625 0.040625 0.0640625
1 0.490625 0.821875 0.0421875 0.059375