3 0.3875 0.15 0.403125 0.3
3 0.29453125 0.63828125 0.5890625 0.6765625
3 0.8390625 0.61796875 0.025 0.03125
3 0.9453125 0.72421875 0.0234375 0.0328125
3 0.8328125 0.6875 0.021875 0.0296875
3 0.88828125 0.47890625 0.01875 0.0234375
3 0.8625 0.54296875 0.0203125 0.028125
3 0.78671875 0.3765625 0.03125 0.0359375
3 0.85859375 0.3984375 0.040625 0.0515625
3 0.7546875 0.4984375 0.034375 0.0375
3 0.6953125 0.459375 0.025 0.0359375
3 0.7078125 0.3609375 0.0328125 0.03125
3 0.95703125 0.51171875 0.0859375 0.2046875