3 0.45859375 0.44375 0.265625 0.259375
3 0.2703125 0.23515625 0.0328125 0.0390625
3 0.23046875 0.50078125 0.0375 0.05625
3 0.3046875 0.50234375 0.01875 0.0328125
3 0.2390625 0.3625 0.034375 0.04375
3 0.025 0.51953125 0.05 0.0515625
3 0.4484375 0.19921875 0.1984375 0.209375
3 0.5421875 0.04765625 0.0375 0.0453125
3 0.67421875 0.51640625 0.0875 0.1625
3 0.73359375 0.33671875 0.046875 0.06875
3 0.63046875 0.37578125 0.0734375 0.084375
3 0.81796875 0.528125 0.0828125 0.078125
3 0.34140625 0.7359375 0.0515625 0.05
3 0.1125 0.96171875 0.05 0.0765625