3 0.39609375 0.39453125 0.1453125 0.2609375
3 0.19921875 0.325 0.2296875 0.3359375
3 0.04765625 0.15546875 0.0953125 0.1453125
3 0.65390625 0.0328125 0.0703125 0.065625
3 0.0421875 0.73984375 0.084375 0.0703125
3 0.1328125 0.83515625 0.0734375 0.0609375
3 0.28359375 0.92109375 0.075 0.10625
3 0.36875 0.91015625 0.0140625 0.0328125
3 0.09453125 0.9859375 0.0453125 0.028125
3 0.07421875 0.89921875 0.0234375 0.034375
1 0.80390625 0.7453125 0.09375 0.1
1 0.64296875 0.7359375 0.0453125 0.053125
1 0.57421875 0.765625 0.0203125 0.0375
1 0.5234375 0.659375 0.0890625 0.0890625