3 0.46328125 0.25625 0.2734375 0.165625
3 0.1828125 0.20078125 0.275 0.2765625
2 0.8 0.16953125 0.4 0.3390625
3 0.16484375 0.7375 0.03125 0.021875
3 0.3 0.7734375 0.0171875 0.015625
3 0.26484375 0.7265625 0.0171875 0.0171875
3 0.28828125 0.69375 0.05 0.0296875
3 0.34375 0.67265625 0.01875 0.01875
3 0.1734375 0.67421875 0.0203125 0.0265625
3 0.06328125 0.59296875 0.025 0.0203125
3 0.11171875 0.62265625 0.0140625 0.0109375
3 0.06953125 0.77109375 0.05 0.0265625
4 1 0.5404117562499999 0.9924449750000001 0.53183705 0.994500115625 0.5260096328125 0.9868593265625 0.516104109375 0.9888803625 0.512230525 0.9870298484375001 0.506334934375 0.9851452296875 0.502393175 0.9812736781250001 0.50037116875 0.97955958125 0.48666023437500006 0.9738716203125 0.4767887984375 0.9720893140625 0.46698553593750003 0.96636725 0.45906793593749995 0.9646190484374999 0.4473108375 0.9589310875000001 0.43743940156249994 0.9590334 0.4315778953125 0.9552641625 0.42369438125 0.94758926875 0.41574269375000006 0.9459092765625 0.40007792656249996 0.9403577328124999 0.3823911484375 0.9365202859374999 0.3784153046875 0.9348061890625001 0.364704371875 0.9290841234375 0.356786771875 0.927335921875 0.3450296734375 0.9215797515625 0.3390659078125 0.9215789624999999 0.3390625 0.662083090625 0.3390625 0.6655547203125 0.34632355625 0.6654865109375 0.3502312265625 0.66147854375 0.356024559375 0.6681599703125001 0.364936121875 0.6701469015625 0.363016371875 0.673059090625 0.3640444203125 0.6730249875000001 0.36599825625000004 0.6670982953125 0.369803665625 0.6670300874999999 0.3737113359375 0.671895103125 0.37477347031249997 0.6756984453125 0.38070315 0.677685378125 0.3787834 0.6805975671875 0.37981144843750003 0.6746026671875 0.3875245296875 0.680392940625 0.391534459375 0.6802906281250001 0.397395965625 0.67635086875 0.3992816265625 0.6791948484375 0.4042173453125 0.687999625 0.40339381875 0.6880678328125 0.39948614843749997 0.6841962828125 0.3974641390625 0.6852579578125 0.39259659375 0.69104823125 0.39660652343749997 0.6949879906249999 0.3947208625 0.69587914375 0.3996224953125 0.6987913328124999 0.40065054218749996 0.6998530078125 0.3957829984375 0.7028334046875 0.3929033734375 0.712631646875 0.391119975 0.7156120453125 0.38824035 0.7158166703125 0.37651733906249996 0.71879706875 0.37363771562500003 0.728492996875 0.3777158203125 0.7324327562499999 0.3758301578125 0.7421968953125 0.3760005921875 0.7440815140625 0.37994235 0.7558666875 0.3762392 0.759704134375 0.38021504375 0.7636438937500001 0.37832938125000004 0.7714210984375 0.3804195640625 0.774299184375 0.383401446875 0.7674472359375 0.3842590609375 0.7644668375 0.387138684375 0.764398628125 0.3910463546875 0.7731693 0.3921766625 0.7750539187500001 0.39611841875 0.7829334375 0.39234709687499997 0.7887919203125 0.39244935625 0.79071064375 0.3944372765625 0.794650403125 0.3925516171875 0.7975625921875 0.3935796640625 0.7994472109374999 0.39752142031250004 0.79543924375 0.403314753125 0.7982832234374999 0.4082504703125 0.80510106875 0.40934669218749997 0.8049987546875 0.4152081984375 0.797153340625 0.4170256859375 0.7970510281250001 0.42288719218750004 0.7999291125 0.42586907343749997 0.8028754062499999 0.4249432875 0.802807196875 0.4288509578125 0.7968805062500001 0.4326563671875 0.79677819375 0.4385178734375 0.8045553984374999 0.4406080546875 0.8044530859375 0.4464695609375 0.7976011375 0.44732717343750006 0.7965053578125 0.45414855468750004 0.79938344375 0.45713043750000004 0.8033232031249999 0.455244775 0.805207821875 0.45918653281250005 0.812025665625 0.4602827546875 0.8109980953125 0.4631964625 0.8071265453124999 0.4611744546875 0.8041120421875 0.4660079125 0.806990128125 0.46898979531249996 0.8118551437500001 0.4700519296875 0.8115823093750001 0.4856826109375 0.8144603937499999 0.48866449375 0.8164473265625001 0.4867447453125 0.819359515625 0.48777279375000004 0.819257203125 0.49363429999999997 0.8230946484375 0.49761014374999996 0.8210736125 0.5014837265625001 0.8248769546875 0.50741340625 0.81696333125 0.5131385640625 0.8198073125 0.51807428125 0.8237129671875 0.5181424546875 0.8265910515625 0.5211243390625 0.8255293781249999 0.5259918828125 0.815765240625 0.5258214484375 0.8127848421874999 0.5287010703125 0.8176498593750001 0.52976320625 0.8263182171875 0.5367550203125 0.8202892140625 0.546421934375 0.8232014031249999 0.5474499828125 0.8279641062499999 0.554373621875 0.81809765625 0.56006469375 0.818029446875 0.5639723640625001 0.8228944640625 0.5650345 0.8237856171875 0.5699361296875 0.8189206 0.5688739968750001 0.8168995640625001 0.5727475796875 0.81104108125 0.5726453203124999 0.8098770937499999 0.5833743703125001 0.8069308 0.5843001578125 0.804052715625 0.5813182734375 0.8031956671874999 0.5744628078125 0.791342284375 0.5820736281250001 0.77986405 0.5681922625 0.7778771171875001 0.5701120109375 0.7700999125 0.568021828125 0.760472190625 0.5600360546875 0.7545113953125 0.5657953 0.746836503125 0.5578436109375 0.7429308484375 0.5577754374999999 0.7112378109375 0.5269285609375001 0.7094214 0.519079134375 0.7037334390625001 0.5092076984375 0.7038016484375 0.505300028125 0.69420803125 0.49536041875 0.6924257265625 0.48555715624999995 0.6752595296874999 0.46180435312499996 0.6697079859375 0.4441175765625 0.658297959375 0.42632853906249996 0.65836616875 0.42242086875 0.6526782078125 0.4125494328125 0.652814625 0.40473409218749995 0.6490453875 0.396850578125 0.647535915625 0.371416634375 0.6418479546875 0.361545196875 0.6419502671874999 0.3556836921875 0.6381469265625 0.3497540125 0.6375123984375 0.3390625 0.6 0.3390625 0.6 1 1 1 1 0.5404117562499999