3 0.3859375 0.2125 0.0234375 0.0484375
3 0.2421875 0.23515625 0.0296875 0.046875
3 0.3015625 0.35859375 0.03125 0.0453125
3 0.33828125 0.44609375 0.053125 0.053125
3 0.42421875 0.50078125 0.0328125 0.0453125
3 0.41015625 0.56328125 0.0265625 0.0484375
3 0.57578125 0.45625 0.0265625 0.0359375
3 0.72734375 0.4703125 0.0734375 0.0953125
3 0.94921875 0.3765625 0.025 0.0640625
3 0.91015625 0.53359375 0.0546875 0.0828125
3 0.54296875 0.26328125 0.0265625 0.034375
3 0.46328125 0.215625 0.021875 0.0328125
3 0.2015625 0.12890625 0.0265625 0.0296875
3 0.30859375 0.090625 0.01875 0.0296875
3 0.09921875 0.88984375 0.0796875 0.1328125
3 0.653125 0.7609375 0.0390625 0.065625
3 0.75390625 0.871875 0.0234375 0.0390625
3 0.81796875 0.85390625 0.025 0.028125
3 0.74140625 0.78515625 0.0203125 0.0328125
3 0.890625 0.71171875 0.0609375 0.0671875