3 0.1640625 0.2734375 0.090625 0.0875
3 0.04765625 0.41328125 0.0734375 0.1
3 0.07890625 0.528125 0.0328125 0.0421875
3 0.3078125 0.509375 0.0421875 0.0640625
3 0.56484375 0.4203125 0.3515625 0.396875
3 0.59765625 0.146875 0.4171875 0.29375
3 0.786276153125 0 0.7728772296875001 0.0953382953125 0.7784391187499999 0.111898525 0.8332969546875001 0.1369647015625 0.9753552671874999 0.125372584375 1 0.1185710140625 1 0 0.786276153125 0
3 0.84765625 0.51171875 0.3046875 0.2140625
3 0.128125 0.89609375 0.0921875 0.0890625
3 1 0.8785485281250001 0.9324605609375001 0.8733235890625 0.9172301671875 0.8806502296875 0.9101962484375001 0.8970180890625 0.894530940625 0.9074393171875 0.8479197546874999 0.9135113875 0.8035584124999999 0.9372560640625001 0.77969663125 0.938636075 0.7575745125 0.9276377374999999 0.7474209187499999 0.9325221640624999 0.734657828125 0.95597411875 0.735360378125 0.9734292671875 0.7427452515625 1 1 1 1 0.8785485281250001
3 1 0.61875 0.7590818890625 0.61875 0.7373259187500001 0.7685842796875 0.7453049328125 0.779172790625 0.7771457296875 0.7883812890625 0.825304209375 0.782526678125 0.872275046875 0.7402144749999999 0.9356639187500001 0.727033221875 1 0.7336123999999999 1 0.61875
3 0.7061227109375 1 0.7199292796875 0.8923677890624999 0.7130375546875001 0.8740428078125 0.6816316734375001 0.861739721875 0.6634488875 0.8339386078125001 0.5723760078125 0.81956129375 0.5639871640624999 0.8231158859375001 0.556300871875 0.8441256265625 0.5373486046875 0.8667077484375 0.47659431718749995 0.8723699890625 0.4630366578125 0.9351566640625 0.47947978124999996 0.9753361281249999 0.498065340625 1 0.7061227109375 1