3 0.146875 0.4203125 0.0609375 0.0546875
3 0.190625 0.3171875 0.0296875 0.04375
3 0.2859375 0.28671875 0.11875 0.109375
3 0.43828125 0.26875 0.059375 0.071875
3 0.96015625 0.3296875 0.0171875 0.0140625
3 0.92421875 0.3203125 0.01875 0.0140625
3 0.85859375 0.3296875 0.0234375 0.0234375
3 0.80859375 0.3421875 0.0265625 0.025
3 0.8015625 0.2953125 0.0234375 0.0296875
3 0.77109375 0.284375 0.028125 0.0296875
3 0.946875 0.240625 0.0109375 0.009375
3 0.84609375 0.196875 0.0875 0.0484375
3 0.23984375 0.78984375 0.4796875 0.4203125
2 0.76015625 0.746875 0.4796875 0.334375