3 0.34375 0.25078125 0.096875 0.071875
3 0.31328125 0.40546875 0.0390625 0.0390625
3 0.2734375 0.30625 0.0453125 0.0390625
3 0.2375 0.2515625 0.0484375 0.04375
3 0.225 0.19609375 0.046875 0.040625
3 0.14765625 0.27109375 0.05625 0.0484375
3 0.0546875 0.18984375 0.0484375 0.0453125
3 0.2234375 0.08515625 0.0421875 0.0375
3 0.28515625 0.1203125 0.046875 0.0453125
3 0.0265625 0.40625 0.053125 0.075
3 0.17421875 0.39140625 0.0453125 0.040625
1 0.3453125 0.62109375 0.309375 0.3421875
1 0.3375 0.7515625 0.325 0.496875
1 0.321875 0.60546875 0.18125 0.265625
1 0.38828125 0.75234375 0.134375 0.0984375
1 0.4328125 0.6796875 0.134375 0.33125
1 0.75 0.725 0.5 0.55