3 0.50703125 0.66953125 0.0875 0.04375
3 0.53359375 0.5140625 0.03125 0.0296875
3 0.4609375 0.5921875 0.0375 0.028125
3 0.4078125 0.63046875 0.040625 0.03125
3 0.3765625 0.67734375 0.0390625 0.028125
3 0.33125 0.5796875 0.0484375 0.0328125
3 0.4625 0.24296875 0.071875 0.03125
3 0.215625 0.62265625 0.0390625 0.0328125
3 0.09921875 0.6703125 0.046875 0.0390625
3 0.33515625 0.78046875 0.034375 0.0265625
3 0.40546875 0.7703125 0.0375 0.034375
3 0.24453125 0.40234375 0.0921875 0.0453125
3 0.39921875 0.47734375 0.0375 0.0296875