3 0.28984375 0.04375 0.0171875 0.0140625
3 0.32421875 0.0640625 0.01875 0.0125
3 0.39296875 0.075 0.025 0.0234375
3 0.446875 0.078125 0.028125 0.0265625
3 0.4390625 0.1265625 0.021875 0.0296875
3 0.465625 0.146875 0.028125 0.03125
3 0.3640625 0.21328125 0.09375 0.0484375
3 0.15390625 0.19375 0.0203125 0.01875
3 0.21601444375 1 0.27909819375 0.5298326906249999 0.272666471875 0.5194616375 0.172309828125 0.503779575 0 0.48144954687499997 0 0.9955217828125 0.0318641671875 1 0.21601444375 1
3 0.403125 0.734375 0.153125 0.2625
2 0.7078125 0.76640625 0.45625 0.4671875