3 0.31640625 0.1765625 0.1453125 0.2875
3 0.6953125 0.16484375 0.609375 0.3296875
3 0.19453125 0.66796875 0.3890625 0.6640625
1 0.81640625 0.6171875 0.3328125 0.428125
1 0.459375 0.55859375 0.140625 0.3703125
1 0.4734375 0.6015625 0.16875 0.353125
1 0.72421875 0.6640625 0.2953125 0.315625
1 0.55703125 0.66796875 0.1390625 0.2625
1 0.95625 0.7546875 0.0875 0.375
1 0.86953125 0.78515625 0.2359375 0.28125
1 0.65859375 0.765625 0.2625 0.234375
1 0.5359375 0.7875 0.090625 0.1375
1 0.453125 0.71171875 0.128125 0.2046875
1 0.46875 0.66015625 0.159375 0.2828125