3 0.371875 0.1796875 0.234375 0.359375
3 0.215625 0.09765625 0.371875 0.1953125
3 0.278125 0.33828125 0.2046875 0.1859375
1 0.3921875 0.69296875 0.19375 0.3296875
1 0.06328125 0.71171875 0.1265625 0.1859375
1 0.0609375 0.59296875 0.121875 0.1484375
1 0.1328125 0.803125 0.059375 0.078125
1 0.096875 0.8 0.09375 0.1078125
1 0.07578125 0.8078125 0.0578125 0.0765625
1 0.14140625 0.8484375 0.05 0.0671875
1 0.13046875 0.83671875 0.0375 0.04375
1 0.15625 0.86484375 0.0484375 0.065625
1 0.19375 0.8734375 0.075 0.0796875
3 0.77265625 0.746875 0.4546875 0.45625