3 0.3359375 0.05234375 0.246875 0.1046875
3 0.6609375 0.05 0.31875 0.1
3 0.49453125 0.1984375 0.0703125 0.140625
3 0.0625 0.4890625 0.125 0.340625
3 0.08359375 0.33125 0.1671875 0.125
3 0.1265625 0.6375 0.1421875 0.1828125
3 0.24921875 0.49296875 0.0703125 0.08125
3 0.1390625 0.49140625 0.1 0.10625
3 0.25546875 0.70234375 0.1078125 0.1046875
3 0.753125 0.8515625 0.49375 0.296875
3 0.57109375 0.734375 0.2234375 0.53125
3 0.66484375 0.48359375 0.4109375 0.4296875
3 0.859375 0.521875 0.28125 0.50625