3 0.15625 0.13984375 0.0984375 0.0765625
3 0.19765625 0.2921875 0.040625 0.040625
3 0.23046875 0.190625 0.0453125 0.040625
3 0.2625 0.13359375 0.05 0.0453125
3 0.27109375 0.07734375 0.046875 0.0421875
3 0.35390625 0.146875 0.0578125 0.05
3 0.37734375 0.5078125 0.078125 0.059375
3 0.440625 0.059375 0.05 0.046875
3 0.20546875 0.0140625 0.0484375 0.028125
3 0.4671875 0.27109375 0.025 0.0796875
3 0.33515625 0.26875 0.046875 0.0421875
3 0.6671875 0.2703125 0.0375 0.0328125
3 0.80390625 0.24375 0.021875 0.021875
3 0.7515625 0.21640625 0.0234375 0.0234375
3 0.75859375 0.1765625 0.0578125 0.046875
3 0.79921875 0.13359375 0.025 0.025
3 0.64609375 0.209375 0.0296875 0.0328125
3 0.51171875 0.18515625 0.03125 0.0296875
3 0.56875 0.190625 0.0171875 0.015625
3 0.5953125 0.34296875 0.05625 0.04375
3 0.23984375 0.7828125 0.4796875 0.228125
3 0.23984375 0.834375 0.4796875 0.33125
1 0.73984375 0.834375 0.5203125 0.33125
1 0.56015625 0.8 0.1609375 0.2625