3 0.559375 0.50234375 0.03125 0.06875
3 0.6390625 0.52734375 0.0796875 0.0984375
3 0.6015625 0.38984375 0.015625 0.025
3 0.61953125 0.4546875 0.0203125 0.0265625
3 0.553125 0.42890625 0.025 0.03125
3 0.37578125 0.5609375 0.021875 0.03125
3 0.103125 0.55078125 0.0609375 0.0546875
3 0.13125 0.32734375 0.0484375 0.0828125
3 0.54921875 0.2421875 0.0625 0.1078125
3 0.6375 0.23828125 0.0234375 0.021875
3 0.72421875 0.20625 0.0234375 0.0296875
3 0.7828125 0.215625 0.0265625 0.0359375
3 0.88828125 0.31328125 0.0234375 0.03125
3 0.525 0.3640625 0.0796875 0.0390625