3 0.1328125 0.7234375 0.0171875 0.0125
3 0.04765625 0.70703125 0.015625 0.0140625
3 0.009375 0.7140625 0.01875 0.0125
3 0.45859375 0.6984375 0.0328125 0.03125
3 0.58828125 0.63671875 0.0703125 0.0359375
3 0.65 0.65859375 0.01875 0.0109375
3 0.5671875 0.59296875 0.0203125 0.0125
3 0.5171875 0.63125 0.0234375 0.028125
3 0.503125 0.55234375 0.028125 0.03125
3 0.5390625 0.5296875 0.01875 0.0328125
3 0.40703125 0.53671875 0.021875 0.0109375
3 0.5359375 0.4703125 0.03125 0.025
3 0.678125 0.4703125 0.0140625 0.0125
3 0.5984375 0.4671875 0.015625 0.0125
3 0.7203125 0.45234375 0.01875 0.0125
3 0.83984375 0.65 0.0328125 0.0203125
3 0.334375 0.7359375 0.0171875 0.0265625