3 0.4625 0.43046875 0.2640625 0.25625
3 0.27578125 0.22421875 0.0328125 0.0375
3 0.2359375 0.4875 0.0375 0.05625
3 0.31015625 0.4890625 0.01875 0.03125
3 0.24453125 0.35078125 0.034375 0.04375
3 0.03125 0.50625 0.0546875 0.05
3 0.45234375 0.1890625 0.196875 0.2078125
3 0.54453125 0.0390625 0.0375 0.04375
3 0.67578125 0.50234375 0.0875 0.1609375
3 0.734375 0.325 0.046875 0.0671875
3 0.63203125 0.3640625 0.0734375 0.0828125
3 0.81796875 0.5140625 0.0828125 0.078125
3 0.34609375 0.71953125 0.0515625 0.05
3 0.1203125 0.9453125 0.05 0.0765625