3 0.11171875 0.18203125 0.03125 0.034375
3 0.7453125 0.68671875 0.1 0.0671875
3 0.6421875 0.59609375 0.071875 0.0578125
3 0.6703125 0.30625 0.065625 0.0359375
3 0.81640625 0.30546875 0.028125 0.0453125
3 0.2390625 0.5375 0.0390625 0.034375
3 0.16875 0.5875 0.0203125 0.025
3 0.36875 0.38203125 0.01875 0.03125
3 0.4890625 0.515625 0.071875 0.103125
3 0.40390625 0.52890625 0.0125 0.0328125
3 0.67421875 0.43203125 0.04375 0.0484375
3 0.6984375 0.5296875 0.021875 0.034375
3 0.84140625 0.55 0.03125 0.040625
3 0.9609375 0.4296875 0.040625 0.04375