3 0.378125 0.38125 0.0453125 0.0484375
3 0.465625 0.134375 0.0484375 0.053125
3 0.33671875 0.2703125 0.034375 0.040625
1 0.66328125 0.16875 0.2265625 0.3375
1 0.890625 0.26015625 0.21875 0.3734375
1 0.8890625 0.23828125 0.221875 0.4140625
1 0.69765625 0.13125 0.2953125 0.2625
1 0.83125 0.1296875 0.196875 0.259375
1 0.7609375 0.071875 0.296875 0.14375
1 0.884375 0.04453125 0.11875 0.0890625
1 0.9296875 0.11171875 0.140625 0.2171875
1 0.90390625 0.17109375 0.1921875 0.3234375
0 0.16328125 0.95234375 0.3265625 0.0953125
3 0.92578125 0.7796875 0.1484375 0.440625
3 0.775 0.7796875 0.45 0.440625