3 0.575 0.36328125 0.028125 0.0609375
3 0.5671875 0.19140625 0.04375 0.0640625
3 0.465625 0.18515625 0.165625 0.140625
3 0.49609375 0.06796875 0.1796875 0.1359375
3 0.1453125 0.19609375 0.0625 0.0609375
3 0.2140625 0.11953125 0.075 0.065625
3 1 0.5724724296875 0.97562915 0.5554782609375 0.9692242328124999 0.54257490625 0.9077710765625 0.511397275 0.8938226968749999 0.5122662921875001 0.8776495000000001 0.5223755578125 0.8263550093750001 0.6390625 1 0.6390625 1 0.5724724296875
3 0.76171875 0.15625 0.3453125 0.3125
3 0.599838534375 0.34072071406250004 0.5890625 0.32988993125 0.5890625 0.6390625 0.8230265187500001 0.6390625 0.848303421875 0.5795138484375 0.6379345078124999 0.46182403125000004 0.599838534375 0.34072071406250004
3 0.26875 0.703125 0.4125 0.128125
3 0.79453125 0.81953125 0.4109375 0.3609375
3 0.9875 0.82578125 0.025 0.1140625