3 0.16640625 0.14296875 0.3328125 0.2859375
3 0.346875 0.23046875 0.365625 0.4609375
3 0.465625 0.346875 0.128125 0.13125
3 0.1125 0.284375 0.225 0.275
3 0.77421875 0.18203125 0.4515625 0.3640625
3 0.76484375 0.3515625 0.4703125 0.315625
1 0.26484375 0.7546875 0.5296875 0.490625
3 0.94765625 0.64375 0.09375 0.071875
3 0.9359375 0.5578125 0.04375 0.0390625
3 0.87421875 0.57109375 0.0484375 0.04375
3 0.82890625 0.6015625 0.046875 0.0390625
3 0.825 0.51484375 0.05625 0.0109375
3 0.75234375 0.67734375 0.040625 0.0359375
3 0.81875 0.6953125 0.046875 0.0453125