3 0.078125 0.30703125 0.040625 0.0359375
3 0.00703125 0.25546875 0.0140625 0.0265625
3 0.325 0.32890625 0.05 0.1078125
3 0.24921875 0.31640625 0.0140625 0.034375
2 0.68125 0.21484375 0.546875 0.4296875
3 0.25546875 0.78671875 0.1890625 0.3921875
3 0.0859375 0.76015625 0.171875 0.4171875
3 0.0625 0.48671875 0.11875 0.1140625
3 1 0.5700025828124999 0.953125 0.5703125 0.9515625 0.546875 0.9734375 0.4796875 0.9265625 0.49375 0.8796875 0.4796875 0.834375 0.4796875 0.79375 0.490625 0.69375 0.490625 0.659375 0.4671875 0.634375 0.4671875 0.58125 0.4890625 0.5609375 0.521875 0.5484375 0.6015625 0.5578125 0.7515625 0.584375 0.7578125 0.8234375 0.75625 1 0.75483616875 1 0.5700025828124999
3 1 0.7546875 0.98125 0.7546875 0.971875 0.7609375 0.96875 0.8 0.95 0.8703125 0.9375 0.90625 0.921875 0.9203125 0.9078125 0.91875 0.8859375 0.9046875 0.81875 0.85 0.746875 0.81875 0.6703125 0.815625 0.6671875 0.809375 0.6734375 0.8015625 0.6671875 0.7984375 0.65 0.8015625 0.634375 0.8171875 0.6203125 0.8171875 0.5859375 0.7921875 0.5875 0.784375 0.60625 0.7796875 0.6046875 0.7734375 0.5828125 0.7703125 0.553125 0.7890625 0.5296875 0.778125 0.5296875 0.7640625 0.5015625 0.7609375 0.4921875 0.80625 0.4921875 0.9453125 0.493635353125 1 1 1 1 0.7546875
3 0.42109375 0.6640625 0.1421875 0.1875