3 0.01796875 0.31875 0.0359375 0.0296875
3 0.00546875 0.2515625 0.0109375 0.03125
3 0.09921875 0.14609375 0.0296875 0.0265625
3 0.053125 0.18671875 0.0171875 0.015625
3 0.18359375 0.1234375 0.028125 0.01875
3 0.12578125 0.3359375 0.0578125 0.0359375
3 0.03046875 0.1484375 0.0140625 0.0140625
3 0.98046875 0.1546875 0.0390625 0.084375
3 0.93203125 0.26484375 0.08125 0.0703125
3 0.9890625 0.54296875 0.021875 0.0484375
3 0.54765625 0.39921875 0.0453125 0.040625
3 0.46875 0.36328125 0.025 0.028125
3 0.7046875 0.5265625 0.025 0.034375
3 0.796875 0.37265625 0.090625 0.115625
3 0.7109375 0.37578125 0.01875 0.034375
3 0.984375 0.41875 0.03125 0.05625
3 0.99296875 0.31875 0.0140625 0.0375
0 0.18984375 0.83984375 0.3796875 0.3203125
3 0.690625 0.76171875 0.46875 0.1640625
3 0.49453125 0.915625 0.13125 0.0875