3 0.44921875 0.43828125 0.265625 0.259375
3 0.2609375 0.2296875 0.0328125 0.0390625
3 0.22109375 0.49609375 0.0375 0.05625
3 0.2953125 0.49765625 0.01875 0.0328125
3 0.2296875 0.3578125 0.034375 0.04375
3 0.02109375 0.51484375 0.0421875 0.0515625
3 0.43984375 0.19453125 0.1984375 0.209375
3 0.5328125 0.04296875 0.0375 0.0453125
3 0.66484375 0.5109375 0.0875 0.1625
3 0.72421875 0.33125 0.0484375 0.06875
3 0.62109375 0.37109375 0.0734375 0.084375
3 0.80859375 0.52265625 0.084375 0.078125
3 0.33203125 0.73046875 0.0515625 0.05
3 0.10390625 0.95859375 0.05 0.078125