3 0.284375 0.15859375 0.503125 0.2609375
3 0.76796875 0.196875 0.3765625 0.184375
3 0.79921875 0.14453125 0.4015625 0.2890625
1 0.16796875 0.68125 0.1859375 0.1890625
1 0.5640625 0.9 0.03125 0.115625
1 0.5140625 0.8734375 0.078125 0.1078125
1 0.44296875 0.8296875 0.0875 0.1203125
1 0.40859375 0.81953125 0.1 0.121875
1 0.45 0.86015625 0.0828125 0.103125
1 0.33515625 0.77578125 0.1265625 0.15625
1 0.35390625 0.79765625 0.0859375 0.115625
1 0.2953125 0.76640625 0.1140625 0.13125
1 0.55078125 0.92109375 0.0484375 0.05625
1 0.55703125 0.91015625 0.0453125 0.0828125
1 0.3921875 0.74921875 0.0671875 0.028125
3 1 0.2890625 0.6498997375 0.2890625 0.5796875 0.4628438859375 0.5796875 0.5026062953125 1 0.67377569375 1 0.2890625