3 0.45625 0.6328125 0.090625 0.04375
3 0.4828125 0.4734375 0.03125 0.03125
3 0.40859375 0.55390625 0.0375 0.028125
3 0.3546875 0.59296875 0.0421875 0.03125
3 0.32265625 0.640625 0.040625 0.028125
3 0.27578125 0.540625 0.0484375 0.034375
3 0.41015625 0.196875 0.0734375 0.0328125
3 0.15703125 0.58515625 0.040625 0.034375
3 0.03828125 0.63359375 0.046875 0.0390625
3 0.28046875 0.74609375 0.0359375 0.0265625
3 0.35234375 0.7359375 0.0375 0.0359375
3 0.18671875 0.359375 0.0953125 0.046875
3 0.3453125 0.4359375 0.0375 0.03125