3 0.26015625 0.2875 0.115625 0.0953125
3 0.33046875 0.16953125 0.0859375 0.0765625
3 0.41953125 0.053125 0.0390625 0.10625
3 0.2484375 0.0265625 0.05625 0.053125
3 0.25625 0.12421875 0.03125 0.0390625
3 0.1265625 0.1875 0.0421875 0.0484375
3 1 0.060287434375000004 0.9153003 0.06539015625 0.5895462484375 0.0248965375 0.5087615249999999 0.0511450859375 0.459566225 0.09964905625 0.4390625 0.0788101921875 0.4390625 0.311423440625 0.4504607015625 0.346503496875 0.4636899609375 0.3747245015625 0.48572215781250005 0.36756580625 0.5227104859375 0.4314262875 0.5572345828125 0.51875 0.68725445625 0.51875 0.696804609375 0.5049374796875 0.720680959375 0.51875 1 0.51875 1 0.060287434375000004
3 0.128125 0.68515625 0.25625 0.3328125
3 0.27421875 0.646875 0.3296875 0.25625
3 0.171875 0.89453125 0.34375 0.2109375
3 0.7359375 0.759375 0.528125 0.48125