3 0.47265625 0.1296875 0.3203125 0.259375
3 0.671875 0.21171875 0.034375 0.0640625
3 0.6078125 0.19609375 0.0265625 0.0359375
3 0.24609375 0.1203125 0.1234375 0.178125
3 0.32109375 0.021875 0.0921875 0.04375
3 0.103125 0.096875 0.1 0.0953125
3 0.515625 0.4140625 0.0625 0.0609375
3 0.84453125 0.41796875 0.3109375 0.4015625
3 0.6890625 1 0.6890625 0.750902925 0.6367539703125 0.7718647296875 0.5774961578125 0.7688016156249999 0.5459632484375 0.8072000765625 0.53270869375 0.8216090171875001 0.48881700156249996 1 0.6890625 1
3 0.490263075 1 0.495664403125 0.9701855500000001 0.4675454765625 0.8504513484375 0.4641312234375 0.8447690781249999 0.402727659375 0.8262387828125 0.389440503125 0.7891089124999999 0.36744297656249997 0.761079640625 0.35076601875 0.7569216078125 0.243522215625 0.7607790671875 0.191597253125 0.749443053125 0.046410520312499995 0.679426925 0.0062362515625000005 0.6726310234375 0 0.6742934421875 0 0.9741992125 0.0098379640625 0.9746614499999999 0.027007728125 1 0.490263075 1
3 0.7125 0.7046875 0.046875 0.171875