2 0.209375 0.05390625 0.41875 0.1078125
1 0.66484375 0.14609375 0.4203125 0.2921875
1 0.903125 0.11953125 0.19375 0.2390625
2 0.209375 0.75 0.41875 0.5
1 0.953125 0.6890625 0.09375 0.375
1 0.8625 0.6890625 0.2546875 0.371875
1 0.909375 0.95234375 0.084375 0.071875
1 0.759375 0.96796875 0.06875 0.0640625
1 0.6703125 0.965625 0.128125 0.04375
1 0.721875 0.95546875 0.01875 0.0171875
1 0.70234375 0.9609375 0.021875 0.01875
1 0.67890625 0.96171875 0.0328125 0.021875
1 0.65625 0.965625 0.015625 0.0203125
1 0.64296875 0.96640625 0.015625 0.0265625
1 0.63671875 0.9625 0.0265625 0.0234375
1 0.6203125 0.97109375 0.0140625 0.0171875
1 0.59375 0.9796875 0.0375 0.040625
1 0.60234375 0.965625 0.0109375 0.015625
1 0.5921875 0.96953125 0.03125 0.0234375
1 0.571875 0.97421875 0.0140625 0.021875
1 0.5546875 0.97421875 0.03125 0.0296875
1 0.5546875 0.97890625 0.021875 0.01875
1 0.5421875 0.9765625 0.0375 0.046875
1 0.54296875 0.98515625 0.0265625 0.0296875
1 0.5234375 0.9828125 0.0203125 0.0296875
1 0.50546875 0.98828125 0.0171875 0.0234375
1 0.50546875 0.98515625 0.0140625 0.0296875
1 0.49453125 0.98515625 0.0265625 0.0296875
1 0.4734375 0.9875 0.021875 0.025
1 0.47109375 0.98984375 0.015625 0.0203125
1 0.4546875 0.98828125 0.025 0.0234375
1 0.4453125 0.9921875 0.015625 0.015625
1 0.43828125 0.990625 0.0234375 0.01875