3 0.14609375 0.69375 0.0171875 0.0125
3 0.06640625 0.678125 0.015625 0.0125
3 0.0296875 0.68515625 0.01875 0.0109375
3 0.2734375 0.7015625 0.0140625 0.009375
3 0.453125 0.66953125 0.0296875 0.0296875
3 0.575 0.61171875 0.0671875 0.034375
3 0.63359375 0.6328125 0.015625 0.009375
3 0.55546875 0.5703125 0.01875 0.0125
3 0.5078125 0.60625 0.021875 0.0265625
3 0.49453125 0.5328125 0.0265625 0.028125
3 0.52890625 0.51171875 0.0171875 0.03125
3 0.4046875 0.51796875 0.0203125 0.0109375
3 0.52578125 0.45546875 0.028125 0.0234375
3 0.83203125 0.5890625 0.0125 0.009375
3 0.81171875 0.625 0.0296875 0.01875
3 0.33671875 0.70546875 0.015625 0.025