3 0.6109375 0.4984375 0.028125 0.065625
3 0.6859375 0.52109375 0.075 0.09375
3 0.65078125 0.39140625 0.0140625 0.0234375
3 0.6671875 0.453125 0.01875 0.0265625
3 0.60546875 0.42890625 0.0234375 0.0296875
3 0.4375 0.553125 0.0203125 0.028125
3 0.18046875 0.54375 0.05625 0.0515625
3 0.20703125 0.3328125 0.0453125 0.078125
3 0.6015625 0.25234375 0.059375 0.1015625
3 0.684375 0.2484375 0.0234375 0.021875
3 0.76640625 0.21796875 0.0203125 0.028125
3 0.821875 0.22734375 0.025 0.034375
3 0.921875 0.31953125 0.021875 0.0296875
3 0.578125 0.36796875 0.075 0.0375