3 0.52265625 0.23515625 0.0234375 0.03125
3 0.51171875 0.0375 0.0453125 0.0546875
3 0.56171875 0.103125 0.04375 0.0515625
3 0.5296875 0.17421875 0.078125 0.059375
3 0.64765625 0.16015625 0.0546875 0.0859375
3 0.46796875 0.9203125 0.0234375 0.065625
3 0.46171875 0.98671875 0.0265625 0.0265625
3 0.309375 0.853125 0.0234375 0.0296875
3 0.0578125 0.840625 0.0609375 0.0546875
3 0.94296875 0.70078125 0.021875 0.021875
3 0.890625 0.7 0.0265625 0.0234375
3 0.89453125 0.65234375 0.021875 0.0296875
3 0.8671875 0.63203125 0.028125 0.028125
3 0.959375 0.5625 0.08125 0.04375