3 0.0546875 0.27734375 0.109375 0.5546875
3 0.2453125 0.2875 0.3984375 0.559375
3 0.69296875 0.496875 0.0875 0.0484375
3 0.65703125 0.34765625 0.0296875 0.03125
3 0.7328125 0.41875 0.0375 0.0296875
3 0.78671875 0.4515625 0.0421875 0.0328125
3 0.81953125 0.49453125 0.040625 0.0296875
3 0.85703125 0.39765625 0.0484375 0.0359375
3 0.70859375 0.08203125 0.071875 0.034375
3 0.971875 0.43203125 0.0390625 0.034375
3 0.8671875 0.59140625 0.034375 0.0265625
3 0.7984375 0.5875 0.0375 0.0375
3 0.92890625 0.22109375 0.0921875 0.05
3 0.78515625 0.30390625 0.0375 0.0328125
3 1 0.6296875 0.8861240015625 0.6296875 0.6296875 0.6476192875 0.6296875 1 1 1 1 0.6296875