3 0.15625 0.025 0.040625 0.05
3 0.0140625 0.0109375 0.028125 0.021875
3 0.02109375 0.13828125 0.0421875 0.0546875
3 0.0296875 0.2375 0.059375 0.071875
3 0.08984375 0.32421875 0.0484375 0.0578125
3 0.05234375 0.38125 0.0453125 0.059375
3 0.25703125 0.33515625 0.0390625 0.0453125
3 0.384375 0.40234375 0.06875 0.1203125
3 0.2953125 0.13046875 0.0390625 0.04375
3 0.23203125 0.05390625 0.034375 0.040625
3 0.2234375 0.6671875 0.0625 0.0796875
3 0.58125 0.22734375 0.325 0.2796875
4 0.7744115796875 1 0.7840728546875 0.9854010437499999 0.8590247468750001 0.88797296875 0.88933478125 0.8389601671875001 0.9074992046875 0.794764378125 0.927849840625 0.75598313125 0.948902225 0.72669495625 0.9589842890625 0.709375 0.41875 0.709375 0.41875 1 0.7744115796875 1