3 0 0.5296875 0.3296875 0.5296875 0.3296875 0.0970936640625 0.136312671875 0.04089743125 0.12610055625 0.047578634375 0 0.45600738906249993 0 0.5296875
3 0.86640625 0.26484375 0.2671875 0.5296875
3 0.6296875 0.1703125 0.290625 0.340625
3 0.72578125 0.25703125 0.3390625 0.5140625
3 0.46953125 0.08515625 0.2796875 0.1703125
3 0.0796875 0.76484375 0.159375 0.4703125
3 0.125 0.7390625 0.215625 0.35625
3 0.23984375 0.7453125 0.1796875 0.28125
3 0.296875 0.553125 0.0625 0.046875
3 0.95 0.921875 0.1 0.15625
3 0.84765625 0.75859375 0.096875 0.1078125