3 0.4984375 0.44296875 0.0328125 0.053125
3 0.55859375 0.27734375 0.040625 0.0515625
3 0.5046875 0.19375 0.0640625 0.0640625
3 0.40625 0.15390625 0.0421875 0.0515625
3 0.41015625 0.0875 0.0359375 0.0546875
3 0.259375 0.22734375 0.0328125 0.0421875
3 0.10078125 0.23984375 0.0921875 0.1109375
3 0.328125 0.41953125 0.0328125 0.040625
3 0.41796875 0.45390625 0.0296875 0.0375
3 0.73515625 0.24375 0.2921875 0.228125
1 0.29453125 0.67421875 0.5890625 0.2890625
3 0.81015625 0.76484375 0.3796875 0.4703125