3 0.42265625 0.31015625 0.0734375 0.0484375
3 0.3703125 0.2765625 0.0171875 0.0125
3 0.43203125 0.3546875 0.0203125 0.015625
3 0.48671875 0.33046875 0.0265625 0.03125
3 0.4828125 0.40546875 0.0328125 0.0328125
3 0.44453125 0.41796875 0.0234375 0.034375
3 0.43515625 0.4734375 0.0328125 0.0296875
3 0.1671875 0.27421875 0.0140625 0.0125
3 0.19453125 0.24375 0.0328125 0.025
3 0.87421875 0.4046875 0.0421875 0.0703125
3 0.80625 0.365625 0.09375 0.1078125
3 0.81171875 0.5 0.01875 0.0265625
3 0.809375 0.4359375 0.025 0.0296875
3 0.8640625 0.4734375 0.0296875 0.034375
3 0.828125 0.646875 0.08125 0.1125
3 0.746875 0.63203125 0.028125 0.0265625
3 0.66015625 0.64296875 0.0265625 0.03125
3 0.6078125 0.62109375 0.0328125 0.0390625
3 0.53125 0.509375 0.028125 0.034375
3 0.87734375 0.5390625 0.08125 0.053125
3 0.1609375 0.98984375 0.0375 0.0203125
3 0.2375 0.98984375 0.040625 0.0203125
1 0.61875 0.825 0.2375 0.13125