3 0.15859375 0.37421875 0.0546875 0.0515625
3 0.178125 0.21875 0.0796875 0.053125
3 0.2921875 0.22578125 0.146875 0.11875
3 0.2796875 0.0890625 0.146875 0.178125
3 0.58046875 0.265625 0.053125 0.0515625
3 0.52578125 0.1890625 0.065625 0.0546875
1 0.734375 0.1203125 0.209375 0.240625
1 0.6515625 0.0828125 0.084375 0.165625
1 0.87890625 0.1125 0.2421875 0.225
3 0 0.7748304515625 0.215017921875 0.699613528125 0.3129325515625 0.6778474890624999 0.47132052656249995 0.6294234249999999 0.4869670859375 0.616470325 0.43758117968750004 0.4390625 0 0.4390625 0 0.7748304515625
3 0.53212696875 0.6091991375 0.609375 0.579524465625 0.609375 0.4390625 0.4389113375 0.4390625 0.47944843125 0.5811894609375 0.496056178125 0.60878983125 0.53212696875 0.6091991375
3 0.5258003515625 1 0.6005085890624999 0.9771594 0.5338112953125 0.7590023765625 0.5207344609375 0.7482953265625001 0.5163374109375 0.7659785734375 0.5052972640625 0.772621671875 0.5010239484375 0.785365409375 0.48907013906249996 0.7890200546874999 0.47300485156249994 0.779226665625 0.43173766249999995 0.7297553640625 0.3790210203125 0.7229979515625 0.3344035984375 0.7480761203124999 0.2990371046875 0.739282021875 0.26047279687499997 0.7200283390625 0.24270392031250002 0.6993185359375 0.05696304375 0.754471328125 0.02097788125 0.7703747765625 0 0.7752896578125 0 1 0.5258003515625 1
3 0.578125 0.84375 0.0625 0.190625
1 0.9078125 0.66328125 0.184375 0.4484375