3 0.4890625 0.62890625 0.084375 0.0421875
3 0.51484375 0.478125 0.028125 0.0296875
3 0.44453125 0.55390625 0.0359375 0.0265625
3 0.39296875 0.590625 0.040625 0.0296875
3 0.36328125 0.6359375 0.0390625 0.0265625
3 0.31875 0.54140625 0.046875 0.0328125
3 0.4453125 0.21640625 0.0703125 0.0296875
3 0.20703125 0.58359375 0.0375 0.03125
3 0.09453125 0.6296875 0.0453125 0.0359375
3 0.32265625 0.7359375 0.0328125 0.025
3 0.390625 0.7265625 0.0359375 0.034375
3 0.23515625 0.3703125 0.0890625 0.04375
3 0.384375 0.44296875 0.0359375 0.0296875