3 0.121875 0.55859375 0.24375 0.3828125
1 0.94296875 0.346875 0.1140625 0.69375
1 0.91796875 0.40625 0.1640625 0.565625
1 0.81640625 0.29375 0.3671875 0.5875
1 0.740625 0.240625 0.2078125 0.4546875
1 0.66015625 0.32109375 0.21875 0.3359375
1 0.63359375 0.19921875 0.1984375 0.2640625
1 0.61015625 0.28671875 0.1703125 0.2828125
1 0.571875 0.1546875 0.184375 0.19375
1 0.5109375 0.32578125 0.0625 0.1515625
1 0.4984375 0.25859375 0.0375 0.1515625
0 0.23984375 0.875 0.4796875 0.25
0 0.73984375 0.875 0.5203125 0.25