3 0.35 0.3484375 0.159375 0.28125
3 0.29375 0.11953125 0.040625 0.04375
3 0.1953125 0.3671875 0.0484375 0.0625
3 0.2671875 0.3859375 0.025 0.034375
3 0.234375 0.2359375 0.04375 0.05
3 0.01171875 0.33984375 0.0234375 0.0609375
3 0.39140625 0.125 0.0765625 0.246875
3 0.64453125 0.2203125 0.346875 0.3296875
3 0.878125 0.31953125 0.24375 0.3390625
3 0.48046875 0.18828125 0.1015625 0.3765625
3 0.771875 0.04921875 0.1875 0.0984375
3 0.2640625 0.6734375 0.33125 0.36875
3 0.09921875 0.64375 0.1984375 0.309375
3 0.0234375 0.85546875 0.046875 0.1796875
3 0.6515625 0.83984375 0.428125 0.3203125