3 0.1640625 0.3140625 0.0328125 0.065625
3 0.23828125 0.33203125 0.0796875 0.0953125
3 0.19453125 0.20703125 0.015625 0.025
3 0.215625 0.26640625 0.0203125 0.0265625
3 0.153125 0.246875 0.025 0.0296875
3 0.13671875 0.075 0.0640625 0.103125
3 0.21875 0.065625 0.0234375 0.021875
3 0.29609375 0.03046875 0.021875 0.028125
3 0.35078125 0.0359375 0.0265625 0.034375
3 0.4546875 0.11875 0.0234375 0.0296875
3 0.12265625 0.1890625 0.075 0.040625
1 0.18984375 0.68984375 0.3796875 0.6203125
1 0.3921875 0.69609375 0.253125 0.6078125
3 1 0.3796875 0.51875 0.3796875 0.51875 1 1 1 1 0.3796875