3 0.45 0.3328125 0.0375 0.0296875
3 0.315625 0.396875 0.021875 0.0203125
3 0.34296875 0.33984375 0.021875 0.021875
3 0.3109375 0.31015625 0.0578125 0.0421875
3 0.2484375 0.3 0.0234375 0.0234375
3 0.428125 0.265625 0.0265625 0.0328125
3 0.4765625 0.2 0.00625 0.015625
3 0.459375 0.16171875 0.0140625 0.0140625
2 0.721875 0.23984375 0.484375 0.4796875
3 0.06328125 0.84140625 0.1265625 0.1171875
3 0.06171875 0.6734375 0.1234375 0.23125
3 0.3515625 0.91015625 0.053125 0.0515625
3 0.30078125 0.825 0.0671875 0.0546875
3 0.79140625 0.884375 0.4171875 0.23125
3 0.50625 0.7609375 0.053125 0.178125