3 0.065625 0.190625 0.13125 0.38125
3 0.20078125 0.2234375 0.2578125 0.446875
0 0.66484375 0.26484375 0.6703125 0.5296875
3 0.16484375 0.76484375 0.3296875 0.4703125
1 0.94375 0.62265625 0.0375 0.0640625
1 0.89765625 0.6265625 0.1015625 0.103125
1 0.825 0.640625 0.0578125 0.053125
1 0.784375 0.63515625 0.0671875 0.0734375
1 0.5703125 0.653125 0.275 0.246875
1 0.546875 0.70078125 0.1265625 0.1453125
1 0.46875 0.69453125 0.1453125 0.1203125
1 0.3875 0.56953125 0.1125 0.0796875
1 0.38359375 0.5828125 0.0359375 0.0546875