3 0.09609375 0.140625 0.0328125 0.0359375
3 0.753125 0.66484375 0.1046875 0.0703125
3 0.646875 0.5703125 0.075 0.0609375
3 0.67578125 0.26953125 0.06875 0.0375
3 0.82734375 0.26953125 0.0296875 0.046875
3 0.228125 0.51015625 0.040625 0.0359375
3 0.1546875 0.56171875 0.0203125 0.0265625
3 0.3625 0.3484375 0.0203125 0.03125
3 0.4875 0.4875 0.075 0.1078125
3 0.39921875 0.50078125 0.0140625 0.034375
3 0.6796875 0.40078125 0.0453125 0.05
3 0.7046875 0.5015625 0.0234375 0.0359375
3 0.853125 0.52265625 0.03125 0.0421875
3 0.97734375 0.3984375 0.0421875 0.0453125