3 0.5515625 0.23984375 0.31875 0.3734375
3 0.33984375 0.37421875 0.0921875 0.0875
3 0.334375 0.11640625 0.1234375 0.1015625
3 0.303125 0.26640625 0.0390625 0.0421875
3 0.01875 0.1890625 0.0375 0.04375
3 0.109375 0.225 0.0203125 0.0359375
3 0.2859375 0.00703125 0.053125 0.0140625
4 0.7685546875 0 0.76796875 0.0005859375 0.76796875 0.0103515625 0.766015625 0.0123046875 0.766015625 0.0201171875 0.76796875 0.0220703125 0.76796875 0.0279296875 0.766015625 0.0318359375 0.76796875 0.0357421875 0.766015625 0.0376953125 0.766015625 0.0435546875 0.7640625 0.0455078125 0.7640625 0.0611328125 0.76015625 0.0650390625 0.762109375 0.0708984375 0.758203125 0.0728515625 0.7591796875 0.07578125 0.7640625 0.0767578125 0.7640625 0.1041015625 0.76015625 0.1119140625 0.762109375 0.1158203125 0.758203125 0.1197265625 0.758203125 0.1236328125 0.76015625 0.1255859375 0.762109375 0.1333984375 0.75625 0.1412109375 0.75625 0.1646484375 0.754296875 0.1666015625 0.754296875 0.1724609375 0.750390625 0.1744140625 0.7484375 0.1802734375 0.740625 0.1900390625 0.740625 0.2017578125 0.734765625 0.2076171875 0.730859375 0.2193359375 0.7279296875 0.2203125 0.725 0.2251953125 0.726953125 0.2291015625 0.725 0.2310546875 0.725 0.2349609375 0.7201171875 0.23984375 0.71875 0.23984375 0.71875 0.609375 1 0.609375 1 0 0.7685546875 0
3 0.48671875 0.759375 0.3265625 0.3
3 0.91640625 0.728125 0.1671875 0.2375
3 0.78046875 0.77421875 0.1234375 0.3296875