3 0.88984375 0.1015625 0.1734375 0.203125
3 0.025 0.9359375 0.05 0.128125
3 0.59921875 0.55546875 0.0390625 0.034375
3 0.721875 0.47109375 0.0234375 0.0234375
3 0.70390625 0.53125 0.025 0.025
3 0.73984375 0.55625 0.0609375 0.0484375
3 0.803125 0.55625 0.0265625 0.0265625
3 0.63046875 0.61796875 0.03125 0.034375
3 0.54921875 0.73984375 0.0328125 0.0296875
3 0.58671875 0.69140625 0.01875 0.0171875
3 0.471875 0.7765625 0.025 0.021875
3 0.48984375 0.5578125 0.059375 0.04375
3 0.61640625 0.72578125 0.015625 0.015625