3 0.2796875 0.15546875 0.275 0.26875
3 0.084375 0.35703125 0.034375 0.040625
3 0.05390625 0.08984375 0.0390625 0.0578125
3 0.128125 0.090625 0.0203125 0.0328125
3 0.0578125 0.228125 0.0359375 0.0453125
3 0.2609375 0.3796875 0.20625 0.178125
3 0.49765625 0.08984375 0.09375 0.165625
3 0.55078125 0.271875 0.0515625 0.0703125
3 0.44921875 0.228125 0.0765625 0.0875
3 0.61875 0.0828125 0.040625 0.08125
3 0.8296875 0.234375 0.340625 0.46875
2 0.2640625 0.5390625 0.528125 0.140625
3 1 0.46875 0.6390625 0.46875 0.6390625 1 1 1 1 0.46875