3 0.10859375 0.1484375 0.2171875 0.296875
3 0.48828125 0.09921875 0.2234375 0.1984375
3 0.3078125 0.10859375 0.503125 0.2171875
3 0.4953125 0.2171875 0.209375 0.24375
3 0.090625 0.28046875 0.18125 0.1171875
3 0.91171875 0.18671875 0.1765625 0.3046875
3 0.7953125 0.234375 0.390625 0.209375
1 0.05234375 0.78984375 0.0765625 0.1375
1 0.11328125 0.77578125 0.1171875 0.1875
1 0.21640625 0.734375 0.10625 0.1609375
1 0.278125 0.72734375 0.1 0.175
1 0.50546875 0.65390625 0.1203125 0.215625
1 0.5796875 0.62421875 0.040625 0.1734375
1 0.6109375 0.7484375 0.021875 0.1375
1 0.6515625 0.734375 0.103125 0.1875
1 0.74765625 0.69375 0.10625 0.1609375
1 0.809375 0.68671875 0.1 0.175