3 0.38828125 0.17890625 0.025 0.0515625
3 0.2359375 0.203125 0.03125 0.05
3 0.29921875 0.334375 0.0328125 0.046875
3 0.3375 0.42734375 0.05625 0.05625
3 0.42890625 0.48515625 0.034375 0.0484375
3 0.41328125 0.5515625 0.0296875 0.0515625
3 0.58984375 0.43828125 0.028125 0.0375
3 0.75078125 0.45234375 0.078125 0.1
3 0.98671875 0.353125 0.0265625 0.0703125
3 0.94453125 0.5203125 0.0578125 0.0875
3 0.971875 0.2140625 0.021875 0.028125
3 0.55546875 0.2328125 0.028125 0.0359375
3 0.4703125 0.1828125 0.0234375 0.034375
3 0.19296875 0.090625 0.0296875 0.03125
3 0.30546875 0.04921875 0.0203125 0.03125
3 0.08359375 0.89921875 0.084375 0.140625
3 0.671875 0.76171875 0.040625 0.0703125
3 0.77890625 0.87890625 0.025 0.0421875
3 0.846875 0.86015625 0.0265625 0.0296875
3 0.765625 0.78671875 0.021875 0.034375
3 0.92421875 0.709375 0.0640625 0.0703125
3 0.8328125 0.09296875 0.028125 0.046875