3 0.11015625 0.43203125 0.065625 0.0609375
3 0.13671875 0.3265625 0.0328125 0.04375
3 0.22265625 0.28359375 0.121875 0.115625
3 0.3640625 0.24375 0.0640625 0.0734375
1 0.88203125 0.13125 0.2359375 0.2625
1 0.88671875 0.165625 0.2265625 0.33125
1 0.728125 0.20859375 0.30625 0.4171875
1 0.6453125 0.2453125 0.33125 0.475
1 0.64375 0.2625 0.328125 0.434375
1 0.675 0.2078125 0.390625 0.415625
1 0.86484375 0.29921875 0.115625 0.11875
3 0.1703125 0.99140625 0.046875 0.0171875
3 0.23203125 0.959375 0.0984375 0.08125
3 0.7953125 0.7390625 0.2265625 0.3921875