3 0.24453125 0.27421875 0.3890625 0.3703125
3 0.4765625 0.38515625 0.1078125 0.1046875
3 0.42421875 0.1375 0.140625 0.1265625
3 0.4875 0.27421875 0.046875 0.05
3 0.44296875 0.0171875 0.0640625 0.034375
1 0.67421875 0.29140625 0.2703125 0.3359375
1 0.76953125 0.2296875 0.4609375 0.459375
1 0.84453125 0.28125 0.3078125 0.35625
1 0.903125 0.240625 0.19375 0.4375
3 0.11541696718750001 0.53691304375 0.0989049578125 0.5487431421875 0.136164434375 0.730969534375 0.2039973203125 0.9831103062500001 0.3257974953125 0.996684125 0.37053510156249997 0.9959772359375 0.39067847968749997 0.9929303703125001 0.41409978281250004 0.9762979359375 0.45005415624999995 0.979222415625 0.466919609375 0.9897611203125001 0.5203239390625 0.9918641609375 0.5390625 0.9995388703125 0.5390625 0.459375 0.468952740625 0.459375 0.3759914453125 0.4847726859375 0.2767970078125 0.499655525 0.11541696718750001 0.53691304375
3 0.0837580953125 1 0.08957639218749999 0.98066165625 0.0764549 0.9307721859375 0.07258463750000001 0.8723325000000001 0.0833563609375 0.8425844484375 0.08194454062499999 0.7739555859375 0.087447890625 0.7630634359374999 0.0999790015625 0.7617740015625001 0.10817773125 0.7695027765625 0.130200925 0.8301659296875 0.1441379796875 0.8349663078124999 0.1552631484375 0.827587059375 0.10394422968749999 0.5844625375 0.08930224375 0.555770903125 0.053347870312500004 0.5528464234375 0 0.5691709390625 0 0.8964434765625 0.0047772140625 0.891194278125 0.0152033265625 0.9224628234375001 0.0396830046875 0.9520904484375 0.0373430296875 0.9766846765625001 0.042725796875 1 0.0837580953125 1
1 0.76953125 0.72734375 0.4609375 0.5359375