3 0.15234375 0.13671875 0.0265625 0.034375
3 0.07421875 0.3203125 0.053125 0.0625
3 0.14453125 0.27578125 0.05 0.05625
3 0.13984375 0.19765625 0.084375 0.0703125
3 0.24453125 0.2515625 0.0671875 0.090625
3 0.5609375 0.22421875 0.046875 0.0515625
3 0.590625 0.33515625 0.034375 0.0390625
3 0.690625 0.3703125 0.121875 0.1140625
1 0.0453125 0.8546875 0.090625 0.290625
1 0.0609375 0.8546875 0.121875 0.290625
1 0.159375 0.8546875 0.31875 0.290625
1 0.25390625 0.8546875 0.1296875 0.290625
1 0.26015625 0.8546875 0.1171875 0.290625
1 0.659375 0.8546875 0.68125 0.290625