3 0.17265625 0.15390625 0.3453125 0.3078125
3 0.28125 0.23828125 0.25625 0.4765625
3 0.2234375 0.46484375 0.1765625 0.1921875
3 0.7328125 0.165625 0.04375 0.05625
3 0.86015625 0.2484375 0.0484375 0.05625
3 0.7515625 0.340625 0.0484375 0.05625
3 0.6796875 0.40859375 0.071875 0.071875
3 0.57421875 0.42421875 0.05 0.05625
3 0.56171875 0.48984375 0.0453125 0.0578125
3 0.44921875 0.3171875 0.0390625 0.0453125
3 0.5625 0.14765625 0.0390625 0.04375
3 0.6578125 0.1359375 0.0359375 0.040625
3 0.94375 0.1640625 0.0390625 0.040625
3 0.859375 0.08203125 0.03125 0.0375
3 0.3392722390625 1 0.2660758109375 0.8547944734374999 0.14671817812500001 0.762155846875 0.035151035937500005 0.6296875 0 0.6296875 0 1 0.3392722390625 1
4 1 0.6296875 0.838174340625 0.6296875 0.8361558859375 0.634221025 0.8363513390625 0.6385839703125 0.8337726640625001 0.63957383125 0.8298006265625 0.6484951734375 0.82722195 0.6494850343749999 0.8224555046875001 0.6601906453125 0.8198768281250001 0.66118050625 0.81749360625 0.6665333109375 0.8149149296875 0.667523171875 0.8101484859375001 0.6782287828125 0.8075698093750001 0.67921864375 0.8012145500000001 0.6934927921875 0.7986358734375 0.694482653125 0.79545824375 0.7016197265625 0.7928795671875 0.7026095875 0.7904963453125 0.70796239375 0.78791766875 0.7089522546875 0.782356815625 0.7214421328125 0.7797781406250001 0.72243199375 0.775806103125 0.7313533359375 0.7732274265625 0.7323431984375001 0.7692553890625 0.741264540625 0.7666767125 0.7422544015625 0.764293490625 0.74760720625 0.7617148140625 0.7485970671875 0.7593315921875 0.7539498734375 0.732346925 0.7761429078125001 0.72659061875 0.78426984375 0.7240119421875 0.7852597046875001 0.7216287203125 0.790612509375 0.7156769609375 0.7943765 0.7107150625 0.8007191656250001 0.7055577093750001 0.8026988875000001 0.6946440515625001 0.8128055453125 0.6838344171874999 0.8154756515624999 0.68155521875 0.8133919046875 0.6863216640625 0.8026862953125 0.6889003390624999 0.801696434375 0.6928723765625 0.792775090625 0.697235321875 0.7925796375 0.695854553125 0.7812750734375 0.7006209984375 0.7705694624999999 0.6986412765625001 0.7654121093749999 0.6987453 0.7579755593749999 0.6951767640625001 0.75638674375 0.6927021109375 0.7499400546875 0.6942909265625 0.7463715171875 0.6933010656249999 0.7437928406250001 0.6966741484375001 0.7410187125000001 0.6959837640625001 0.7353664296875 0.6937045656249999 0.733282684375 0.6949024734375 0.7209882578125 0.691932890625 0.7132522296875 0.6966993359375 0.70254661875 0.6935342999999999 0.690447646875 0.694133253125 0.684300434375 0.6913591234375 0.6809273499999999 0.6937423468749999 0.6755745453124999 0.6927524859374999 0.67299586875 0.702285375 0.6515846468750001 0.7001102 0.6420643515625 0.7050720984375001 0.635721684375 0.7076507750000001 0.6347318234375 0.709239590625 0.6311632875 0.7086730890624999 0.6296875 0.42554777499999996 0.6296875 0.417117765625 0.6486216125 0.4181076265625 0.6512002890625 0.409375 0.6708140874999999 0.409375 1 1 1 1 0.6296875