3 0.7984375 0.3046875 0.403125 0.609375
3 0.30953573125 1 0.3890625 0.6101323859375001 0.3890625 0.609375 0 0.609375 0 1 0.30953573125 1
3 0.44375 0.74140625 0.0203125 0.0171875
3 0.56328125 0.7859375 0.015625 0.0125
3 0.74453125 0.8078125 0.0375 0.0375
3 0.878125 0.78828125 0.075 0.053125
3 0.928125 0.82578125 0.0171875 0.0140625
3 0.871875 0.74296875 0.021875 0.0171875
3 0.815625 0.76328125 0.028125 0.03125
3 0.82421875 0.6890625 0.034375 0.034375
3 0.86328125 0.67890625 0.025 0.034375
3 0.74296875 0.6484375 0.021875 0.015625
3 0.8765625 0.62421875 0.034375 0.0296875
3 0.62265625 0.8078125 0.021875 0.028125