3 0.1203125 0.33203125 0.09375 0.05
3 0.1046875 0.171875 0.0328125 0.0328125
3 0.1734375 0.25703125 0.0390625 0.03125
3 0.22421875 0.3 0.04375 0.034375
3 0.253125 0.34921875 0.0421875 0.03125
3 0.30703125 0.253125 0.05 0.0375
3 0.421875 0.30546875 0.0421875 0.0375
3 0.5375 0.3625 0.05 0.0421875
3 0.2875 0.44609375 0.0375 0.0078125
3 0.215625 0.4359375 0.040625 0.028125
3 0.40859375 0.078125 0.0984375 0.053125
3 0.24453125 0.14375 0.0390625 0.034375
3 0.665625 0.16953125 0.171875 0.3390625
3 0.3765625 0.60859375 0.028125 0.0515625
3 0.52421875 0.6421875 0.034375 0.05
3 0.45390625 0.76640625 0.0359375 0.0484375
3 0.409375 0.85546875 0.0578125 0.0578125
3 0.315625 0.90625 0.0375 0.0484375
3 0.32578125 0.971875 0.03125 0.0515625
3 0.16171875 0.8484375 0.0296875 0.0390625
3 0.021875 0.8515625 0.04375 0.103125
3 0.209375 0.64921875 0.0296875 0.0375
3 0.29609375 0.60625 0.025 0.0359375
3 0.56953125 0.53359375 0.0203125 0.0328125
3 0.46640625 0.48671875 0.021875 0.0328125
2 0.78984375 0.94921875 0.4203125 0.1015625