3 0.396875 0.23203125 0.025 0.05
3 0.246875 0.25546875 0.03125 0.0484375
3 0.30859375 0.384375 0.0328125 0.046875
3 0.346875 0.47578125 0.0546875 0.0546875
3 0.43671875 0.5328125 0.034375 0.046875
3 0.421875 0.59765625 0.028125 0.05
3 0.59453125 0.4859375 0.0265625 0.0375
3 0.753125 0.50078125 0.0765625 0.0984375
3 0.984375 0.403125 0.0265625 0.06875
3 0.94375 0.5671875 0.0578125 0.0859375
3 0.9703125 0.265625 0.0203125 0.028125
3 0.56015625 0.284375 0.0265625 0.0359375
3 0.47734375 0.23515625 0.0234375 0.034375
3 0.2046875 0.14453125 0.028125 0.03125
3 0.315625 0.10390625 0.0203125 0.03125
3 0.096875 0.93515625 0.0828125 0.1296875
3 0.675 0.80390625 0.0390625 0.0671875
3 0.78046875 0.9203125 0.0234375 0.040625
3 0.84765625 0.9015625 0.0265625 0.0296875
3 0.7671875 0.8296875 0.0203125 0.034375
3 0.9234375 0.753125 0.0640625 0.0703125
3 0.83359375 0.146875 0.0265625 0.0453125