3 0.58515625 0.4890625 0.028125 0.0640625
3 0.6578125 0.51171875 0.0734375 0.090625
3 0.6234375 0.384375 0.0140625 0.0234375
3 0.63984375 0.44453125 0.01875 0.025
3 0.57890625 0.42109375 0.0234375 0.028125
3 0.41484375 0.54296875 0.0203125 0.028125
3 0.16328125 0.53359375 0.05625 0.05
3 0.1890625 0.32734375 0.0453125 0.0765625
3 0.575 0.2484375 0.0578125 0.1
3 0.65703125 0.24453125 0.021875 0.0203125
3 0.73671875 0.21484375 0.0203125 0.0265625
3 0.79140625 0.22421875 0.025 0.0328125
3 0.8890625 0.3140625 0.021875 0.028125
3 0.553125 0.3609375 0.0734375 0.0359375