3 0.6293112390625 0 0.610294646875 0.18093078437500001 0.6164310921875 0.19728681718750002 0.6721303062499999 0.22042321406249998 0.8136975218750001 0.20388039375 0.8624389703125 0.1885789390625 1 0.1757937359375 1 0 0.6293112390625 0
1 0.32578125 0.68046875 0.0734375 0.0921875
1 0.1921875 0.66328125 0.0765625 0.09375
1 0.01796875 0.62890625 0.0359375 0.0796875
1 0.0296875 0.64921875 0.0546875 0.0921875
1 0.21640625 0.68671875 0.090625 0.06875
1 0.2140625 0.6703125 0.090625 0.04375
1 0.375 0.71171875 0.0796875 0.0765625
1 0.46328125 0.72578125 0.103125 0.0765625
1 0.42421875 0.70625 0.04375 0.0390625
1 0.55703125 0.70234375 0.05625 0.0546875
1 0.55234375 0.74453125 0.05 0.0484375
3 0.8046875 0.93203125 0.390625 0.1359375