3 0.121875 0.1859375 0.03125 0.034375
3 0.7453125 0.6828125 0.0984375 0.0671875
3 0.64375 0.59375 0.0703125 0.0578125
3 0.671875 0.3078125 0.065625 0.0359375
3 0.815625 0.3078125 0.028125 0.0453125
3 0.246875 0.5359375 0.0390625 0.034375
3 0.178125 0.58515625 0.0203125 0.0234375
3 0.37421875 0.3828125 0.01875 0.03125
3 0.49296875 0.51484375 0.0703125 0.1015625
3 0.409375 0.52734375 0.0125 0.0328125
3 0.675 0.43203125 0.0421875 0.0484375
3 0.69921875 0.528125 0.021875 0.034375
3 0.840625 0.5484375 0.0296875 0.040625
3 0.9578125 0.43046875 0.0390625 0.04375