2 0.27265625 0.31796875 0.2328125 0.3828125
3 0.5953125 0.33046875 0.4125 0.3578125
3 0.69453125 0.0796875 0.6109375 0.159375
3 0.9140625 0.39375 0.171875 0.23125
3 0.1484375 0.859375 0.1078125 0.1375
3 0.73359375 0.91796875 0.01875 0.0171875
3 0.77109375 0.9140625 0.0203125 0.015625
3 0.834375 0.934375 0.025 0.025
3 0.88125 0.95390625 0.0296875 0.028125
3 0.89609375 0.90859375 0.0265625 0.03125
3 0.92734375 0.90234375 0.03125 0.0328125
3 0.76015625 0.83203125 0.0109375 0.0109375
3 0.8671875 0.8046875 0.090625 0.059375
3 0.6796875 0.73359375 0.021875 0.01875