0 0.31953125 0.2 0.6390625 0.4
3 1 0.13474642812499998 0.9973706828125 0.13627212500000002 0.952038446875 0.1334478234375 0.9258797187500001 0.10381302968749999 0.8883796593750001 0.0314640796875 0.8671050703125 0.013335598437499999 0.752869734375 0.0601281828125 0.7034921609375 0.0997595375 0.6580774359375 0.1207343828125 0.6390625 0.127228109375 0.6390625 0.4 0.9690052453125 0.4 1 0.3867491265625 1 0.13474642812499998
1 0.3859375 0.65703125 0.2390625 0.253125
1 0.01953125 0.78046875 0.0390625 0.2046875
1 0.021875 0.73984375 0.04375 0.1078125
1 0.05546875 0.7171875 0.1109375 0.1125
1 0.1234375 0.72578125 0.2453125 0.246875
1 0.25234375 0.6484375 0.0765625 0.1046875
1 0.30859375 0.63359375 0.140625 0.165625
1 0.5171875 0.5703125 0.24375 0.278125
1 0.54609375 0.546875 0.0921875 0.0796875
1 0.5765625 0.4828125 0.125 0.165625
1 0.89140625 0.7 0.2171875 0.6