2 0.24765625 0.35390625 0.2234375 0.5703125
3 0.359375 0 0.359375 0.597389309375 0.3687469109375 0.5973167078125 0.37906227187499997 0.41199906249999996 0.415055640625 0.3981916296875 0.523543259375 0.4938353796875 0.5764919796875 0.48509990468749997 0.65461119375 0.5108085984375 0.6886198859375 0.5865134249999999 0.8813767406249999 0.570450915625 0.8834594109375 0.5464995703125 0.8973975171875 0.5576902031250001 0.91279525 0.53304104375 0.9063512484375 0.47377326249999996 0.9606615968750001 0.3636370828125 0.9551697078125001 0.1314634640625 0.9165861578125 0.032156196875 0.8956789953125 0.015370246874999998 0.8263979750000001 0.030922209375 0.789512740625 0 0.359375 0
1 0.18828125 0.77265625 0.1234375 0.15625
1 0.08984375 0.90546875 0.1796875 0.1890625
1 0.03203125 0.7328125 0.05625 0.0921875
1 0.00703125 0.7453125 0.0140625 0.10625
1 0.30859375 0.72421875 0.034375 0.0734375
1 0.275 0.7125 0.0640625 0.0953125
1 0.25859375 0.696875 0.0328125 0.071875
1 0.334375 0.68515625 0.028125 0.0625
1 0.31953125 0.6921875 0.025 0.0390625
1 0.34921875 0.67578125 0.0203125 0.0609375
4 1 0.6390625 0.48962556093750004 0.6390625 0.48691656875 0.6430984875 0.48496612031249997 0.64320070625 0.482244884375 0.6472549296875 0.4823811765625 0.6498555265625 0.48056701874999996 0.65255834375 0.48179364375 0.6759637234375 0.4838803828125 0.678462103125 0.48469813281249996 0.694065690625 0.486784871875 0.6965640671875 0.48719374687499994 0.7043658609375 0.4892804875 0.7068642406250001 0.489416778125 0.7094648390625 0.4935902578125 0.714461596875 0.49372655 0.7170621953125 0.5031168796875 0.7283049015625 0.505067328125 0.7282026828125 0.5071540671875 0.7307010609375 0.5110549640625 0.7304966234375 0.51522844375 0.7354933828125 0.5171788921875 0.7353911640625 0.5192656312499999 0.7378895421875 0.5212160796875 0.7377873234375001 0.5233028203125001 0.740285703125 0.52525326875 0.7401834843749999 0.5325568578125 0.748927809375 0.53269315 0.7515284078125 0.5379099984375 0.75777435625 0.539860446875 0.7576721375 0.5419471875 0.760170515625 0.5438976359375001 0.760068296875 0.548071115625 0.76506505625 0.5500215640625 0.7649628374999999 0.552108303125 0.767461215625 0.5540587515625 0.767358996875 0.5561454921875 0.7698573765625001 0.558095940625 0.7697551578125 0.564356159375 0.7772502953125 0.5936128843749999 0.775717015625 0.5945199624999999 0.7743656078125001 0.5943836703125001 0.7717650093749999 0.59710490625 0.767710784375 0.6029562515625 0.767404128125 0.6047704078125 0.7647013125 0.60672085625 0.76459909375 0.607627934375 0.7632476859375 0.60749164375 0.7606470875 0.610212878125 0.7565928625 0.6121633265625 0.7564906437500001 0.6139774828125 0.753787828125 0.61592793125 0.753685609375 0.616835009375 0.7523342000000001 0.6165624265625 0.74713300625 0.6183765828125 0.7444301890625 0.618104 0.7392289937500001 0.6215960218750001 0.7312227625000001 0.62145973125 0.728622165625 0.624180965625 0.724567940625 0.6261314140625001 0.7244657218749999 0.6279455703125 0.7217629062500001 0.6352491609375 0.7305072328125 0.6270854546875 0.74266990625 0.6251350062500001 0.742772125 0.624227928125 0.7441235328125 0.6243642203124999 0.7467241312499999 0.6225500640625 0.7494269484375 0.6226863546875 0.7520275453124999 0.6217792765625 0.753378953125 0.619828828125 0.7534811718750001 0.61710759375 0.757535396875 0.617243884375 0.76013599375 0.6127084921875 0.7668930359374999 0.61075804375 0.7669952546875 0.6053155734375 0.775103703125 0.601414678125 0.775308140625 0.5959722078125 0.783416590625 0.594021759375 0.7835188078125 0.5922076015625 0.786221625 0.5902571531249999 0.78632384375 0.588442996875 0.7890266593749999 0.5825916515625 0.789333315625 0.5807774953125 0.7920361328125 0.57492615 0.7923427890625 0.57311199375 0.7950456046875 0.5692110968749999 0.7952500421875001 0.5655827828125 0.800655675 0.5636323359375 0.80075789375 0.560004021875 0.8061635265625 0.5580535734375001 0.8062657453125001 0.554425259375 0.811671378125 0.5524748109375001 0.8117735968750001 0.5488464984375 0.8171792296874999 0.54689605 0.8172814484375 0.54508189375 0.819984265625 0.5431314453125 0.8200864843750001 0.5413172875 0.8227892984375 0.5393668390624999 0.8228915171875 0.5321102125 0.833702784375 0.5301597640625 0.833805003125 0.5229031375 0.84461626875 0.5209526890625 0.8447184875 0.5191385328125 0.8474213031250001 0.5171880843750001 0.8475235218750001 0.5135597703125 0.8529291546875 0.511609321875 0.8530313734374999 0.509795165625 0.8557341890625001 0.5078447171875 0.8558364078125 0.502402246875 0.8639448578125 0.5004517984375 0.8640470765625 0.49863764218749995 0.8667498921875 0.49668719375 0.8668521109375 0.487616409375 0.8803661937499999 0.4856659609375 0.8804684125 0.4820376484375 0.8858740453125 0.4800872 0.8859762640625 0.4782730421875 0.8886790796874999 0.47437214531249994 0.8888835171875 0.4725579890625 0.8915863343750001 0.4686570921875 0.891790771875 0.4650287796875 0.8971964031249999 0.46307833125000003 0.897298621875 0.4576358609375 0.9054070718749999 0.4556854125 0.905509290625 0.45387125624999997 0.90821210625 0.4519208078125 0.9083143249999999 0.45010665000000005 0.9110171421875 0.4481562015625 0.9111193609375 0.4463420453125 0.9138221765625 0.4424411484375 0.9140266140625 0.4368623875 0.9195344671875001 0.4349119390625 0.9196366859375 0.43309778125 0.9223395 0.43114733281250006 0.92244171875 0.42933317656250003 0.9251445359374999 0.427382728125 0.9252467546875 0.42556857187499997 0.927949571875 0.42361812343749994 0.9280517906249999 0.41998980937499997 0.9334574234374999 0.4180393609375 0.933559640625 0.4144110484375 0.9389652734375 0.4124606 0.9390674921875 0.41064644375 0.941770309375 0.40869599531249995 0.941872528125 0.4068818375 0.9445753453125001 0.40493138906250004 0.9446775640625 0.3913252140625 0.9649486859374999 0.39146150468749996 0.9675492828125 0.3896473484375 0.9702521000000001 0.3900562234375 0.97805389375 0.3921429640625 0.9805522734375 0.39227925468749997 0.9831528703125001 0.4037563234375 0.9968939546875 0.405706771875 0.9967917359375 0.40779351249999995 0.9992901156249999 0.4097439609375 0.9991878968749999 0.41042225937500004 1 1 1 1 0.6390625