0 0.4078125 0.21484375 0.815625 0.4296875
3 0.859375 0 0.859375 0.2621975140625 0.9621633984375 0.3440605765625 1 0.343045453125 1 0 0.859375 0
1 0.1078125 0.5390625 0.215625 0.21875
1 0.77265625 0.81015625 0.1734375 0.3765625
1 0.740625 0.515625 0.2375 0.171875
1 0.6984375 0.75390625 0.321875 0.4390625
1 0.55625 0.67421875 0.328125 0.428125
1 0.55703125 0.5734375 0.3484375 0.2875
1 0.3828125 0.65078125 0.146875 0.225
1 0.3171875 0.6 0.34375 0.340625
1 0.3296875 0.528125 0.46875 0.196875
1 0.1609375 0.59453125 0.1390625 0.1703125
2 0.9296875 0.6890625 0.140625 0.38125