0 0.25234375 0.18984375 0.4734375 0.3796875
0 0.68515625 0.18984375 0.3921875 0.3796875
3 0.111607559375 1 0.1390776546875 0.9291574328125 0.162721878125 0.892049671875 0.1758089359375 0.89742779375 0.185913734375 0.879194215625 0.2817353640625 0.5506931625 0.2753076359375 0.539097234375 0.24505828593749998 0.52554696875 0.1965536765625 0.5246422390625 0.1441512359375 0.560005584375 0.079544784375 0.5642365328125 0 0.54464115625 0 0.7653027328124999 0.0078847875 0.7631265218750001 0 0.781966625 0 0.8021668421875001 0.0048158 0.8305161546875001 0.012745500000000002 0.842542765625 0.009929796875 0.8693683296874999 0.01530791875 0.8562812703124999 0.0369869625 0.8543702968750001 0.0704393359375 0.88509369375 0.10220149687499999 0.887699475 0.1041233109375 0.8980033531249999 0.0843118765625 0.9670940375000001 0.060419115625 1 0.111607559375 1
3 0.3498523265625 0.46619544375000005 0.3639889921875 0.496256553125 0.45217462187499996 0.52316884375 0.46097652968749997 0.5208163453125 0.47151201093750006 0.501080796875 0.4890625 0.48528125 0.4890625 0.3796875 0.3301097328125 0.3796875 0.3161900328125 0.43053545 0.32046434375 0.44964123593750005 0.3498523265625 0.46619544375000005
3 0.41640625 0.85703125 0.1453125 0.2859375
3 0.2609375 0.93984375 0.240625 0.1203125
3 0.74609375 0.7625 0.0453125 0.06875
3 0.6703125 0.76484375 0.0953125 0.1078125
3 0.73828125 0.6515625 0.0203125 0.0265625
3 0.70625 0.7046875 0.025 0.0296875
3 0.77109375 0.69921875 0.0296875 0.0328125
3 0.8953125 0.86171875 0.0265625 0.0328125
3 0.821875 0.534375 0.0828125 0.1125
3 0.74453125 0.5078125 0.0265625 0.025
3 0.67578125 0.4578125 0.0265625 0.03125
3 0.62109375 0.4515625 0.0328125 0.0390625
3 0.50234375 0.51015625 0.0265625 0.0328125
3 0.8125 0.6484375 0.08125 0.0546875