0 0.3046875 0.26796875 0.609375 0.5015625
1 0.890625 0.2828125 0.21875 0.275
1 0.82265625 0.4359375 0.3546875 0.165625
1 0.9453125 0.3640625 0.109375 0.271875
1 0.7640625 0.35703125 0.309375 0.3234375
3 0.48359375 0.7109375 0.184375 0.240625
3 0.3484375 0.89375 0.1375 0.1625
3 0.51875 0.84375 0.18125 0.3125
3 0.20703125 0.69140625 0.15 0.1375
3 0.0578125 0.63203125 0.115625 0.2265625
3 1 0.8491673562500001 0.98712765625 0.8320512656249999 0.9617569906250001 0.8122036703125 0.9341569468750001 0.805046446875 0.8587965390625 0.8091219546874999 0.8305609687500001 0.8033921453125 0.76744199375 0.7684482906250001 0.6410275296875 0.7258478984375001 0.609375 0.705451259375 0.609375 1 0.6556876203125 1 0.654974040625 0.99032303125 0.6779992640625 0.9578152921875001 0.6910124359375 0.9516365453125 0.7614550718750001 0.947081875 0.765238003125 0.9846838968749999 0.7617891609375 1 0.7637923375 1 0.7868358125 0.95154063125 0.8066733328125 0.941558803125 0.8415768874999999 0.939995175 0.90787349375 0.96780195625 0.964667434375 0.9708534484375001 1 0.9928521625 1 0.8491673562500001