2 0.325 0.26796875 0.65 0.0828125
3 0.859375 0.06953125 0.28125 0.1390625
3 0.384375 0.7203125 0.30625 0.3015625
3 0.23515625 0.48203125 0.0390625 0.04375
3 0.15 0.73671875 0.046875 0.0625
3 0.22265625 0.7515625 0.0234375 0.0359375
3 0.1828125 0.60234375 0.0421875 0.0484375
3 0.4171875 0.47734375 0.23125 0.240625
3 0.5359375 0.34453125 0.0453125 0.0515625
3 0.584375 0.82890625 0.1140625 0.175
3 0.67421875 0.6625 0.0578125 0.0765625
3 0.565625 0.6828125 0.0875 0.0953125
3 0.69765625 0.865625 0.0421875 0.090625
3 0.21875 0.97890625 0.059375 0.0421875