0 0.3 0.28125 0.6 0.515625
3 0.6671875 0.03125 0.128125 0.0625
3 0.68046875 0.475 0.1609375 0.128125
3 0.88359375 0.390625 0.2328125 0.296875
3 0.10390625 0.60078125 0.028125 0.034375
3 0.19140625 0.77890625 0.0546875 0.0609375
3 0.3109375 0.5578125 0.03125 0.0375
3 0.11953125 0.7375 0.0515625 0.0578125
3 0.12109375 0.66015625 0.0859375 0.0734375
3 0.02734375 0.71796875 0.0546875 0.0921875
4 1 0.584298946875 0.99713308125 0.5822817921875 0.99632835 0.5798050828125 0.9670434453125001 0.5592003125 0.9662387140625001 0.556723603125 0.9555896578124999 0.5492309609375 0.9547849265625 0.54675425 0.9438528875 0.5390625 0.6 0.5390625 0.6 0.9638941546875 0.6006863421874999 0.9643770625 0.60387500625 0.9647100937499999 0.6081467328125 0.971536675 0.610808996875 0.9734098359375001 0.6132231921875 0.9808399640625 0.619352453125 0.987062996875 0.620157184375 0.9895397046875001 0.6228194484375 0.991412865625 0.6236241796875001 0.9938895765625 0.62628644375 0.9957627359375 0.627091175 0.998239446875 0.62959339375 1 0.9934485531249999 1 0.9878155874999999 0.9960366609375001 0.9870108546875 0.9935599515625 0.9723684031250001 0.9832575671875 0.9691797390625 0.9829245343749999 0.9675702749999999 0.977971115625 0.9595834828124999 0.9723516328124999 0.9587787515624999 0.9698749234375 0.9534542234375 0.9661286015625 0.9526494921875001 0.9636518921875 0.9366759078125 0.9524129265625 0.9342617125 0.944982796875 0.9209503921875 0.9356169937500001 0.9166786640625 0.9287904140625001 0.9140164000000001 0.9269172515624999 0.91321166875 0.92444054375 0.9105494046875 0.92256738125 0.9097446734375 0.9200906718749999 0.907082409375 0.9182175125 0.9054729453125001 0.9132640921874999 0.9028106812500001 0.91139093125 0.9020059500000001 0.908914221875 0.8905521625 0.8989448687499999 0.8916049625 0.895864609375 0.8854757031249999 0.8896415781250001 0.8846709703125001 0.88716486875 0.8820087078125001 0.8852917078125 0.88039924375 0.8803382875000001 0.8777369796875 0.878465128125 0.8769322484375 0.8759884187500001 0.8716077203125 0.8722420968750001 0.8708029875 0.8697653859375001 0.8641473281250001 0.865082484375 0.8622897953124999 0.8656860328124999 0.8582964000000001 0.8628762921875 0.854024671875 0.8560497109374999 0.8508360078124999 0.8557166796875 0.8388558203125 0.8472874562499999 0.8345840921875001 0.8404608765624999 0.830590696875 0.8376511343749999 0.8287331640625 0.838254684375 0.8220775031249999 0.8335717812500001 0.8212727718749999 0.831095071875 0.8119548484375001 0.8245390078125 0.7840918640625001 0.833592240625 0.7814296 0.8317190812499999 0.7758570031249999 0.8335297265625 0.774525871875 0.8325931453125 0.775052271875 0.8310530171874999 0.7899125296875 0.8262246265625001 0.79257479375 0.8280977875 0.7962898578125001 0.8268906906250001 0.800252990625 0.8201266234375 0.8021105234375 0.819523075 0.8031633250000001 0.8164428171875 0.80502085625 0.8158392687499999 0.80554725625 0.8142991374999999 0.8007188656249999 0.7994388796874999 0.8033508671874999 0.791738234375 0.8052084 0.7911346859374999 0.8062612 0.7880544265625 0.8099762640625 0.7868473296875 0.8115554656249999 0.7822269421875 0.8099460015625001 0.7772735234375 0.810998803125 0.7741932640625 0.8061704125 0.75933300625 0.8085543453125 0.7571893281250001 0.8112166078125 0.7590624874999999 0.8167892046875 0.7572518421875001 0.81784200625 0.754171584375 0.8196995375 0.753568034375 0.8218354015625 0.756981325 0.8258287984375 0.7597910671875 0.8295438624999999 0.75858396875 0.8322061265625 0.760457128125 0.8359211906249999 0.75925003125 0.8369739921875 0.7561697734374999 0.8406890562499999 0.7549626765624999 0.85266924375 0.7633919 0.8542787078125 0.76834531875 0.8569409718750001 0.7702184796875 0.8585504343749999 0.7751718984375 0.8665372265625001 0.78079138125 0.8708089546875 0.7876179624999999 0.878795746875 0.79323744375 0.879600478125 0.7957141546875001 0.8849250062499999 0.799460475 0.8857297390625 0.8019371859375 0.891054265625 0.8056835078125 0.8926637296875001 0.8106369265625 0.8979882578125 0.8143832484375 0.8987929890625 0.8168599578125001 0.9094420453125001 0.8243526015624999 0.9102467781250001 0.8268293109375 0.9142401734375 0.829639053125 0.9160977062500001 0.8290355046875 0.9267467609375 0.836528146875 0.9299354265625001 0.8368611796875 0.9342071531249999 0.843687759375 0.9395316812500001 0.84743408125 0.9411411453125 0.8523875000000001 0.9464656734375 0.8561338218750001 0.9507374000000001 0.8629604015625001 0.9533996640625 0.8648335625 0.954204396875 0.867310271875 0.9621911890625 0.8729297546874999 0.9629959203125 0.875406465625 0.9749761078124999 0.8838356890625001 0.976833640625 0.8832321406249999 0.9821581687500001 0.8869784609375 0.9840156999999999 0.8863749125 0.9920024921874999 0.8919943953124999 0.993860025 0.891390846875 0.9978534203124999 0.8942005875 0.9968006203125 0.897280846875 1 0.8995319203125 1 0.584298946875