2 0.15859375 0.08984375 0.3171875 0.1796875
3 0.13671875 0.59375 0.0328125 0.0234375
3 0.28125 0.62890625 0.01875 0.0171875
3 0.24296875 0.57890625 0.01875 0.01875
3 0.26796875 0.54296875 0.053125 0.03125
3 0.3265625 0.5203125 0.0203125 0.0203125
3 0.14375 0.52421875 0.021875 0.028125
3 0.02421875 0.43984375 0.0265625 0.0203125
3 0.0765625 0.47109375 0.015625 0.0125
3 0.03359375 0.63125 0.053125 0.0265625
3 0.090625 0.43203125 0.0125 0.0046875
4 0.93125 1 0.93125 0.9883198484375001 0.933203125 0.986365715625 0.93125 0.9316499968749999 0.929296875 0.9296958640625 0.929296875 0.9199252 0.92734375 0.91797106875 0.92734375 0.9101545359375001 0.9234375 0.900383871875 0.9234375 0.8925673421875 0.921484375 0.8906132078125 0.917578125 0.8691177484375 0.91171875 0.85543881875 0.91171875 0.8476222874999999 0.90390625 0.828080959375 0.90390625 0.8222185609375 0.894140625 0.79290656875 0.894140625 0.7792276390625 0.890234375 0.7714111078125 0.8921875 0.7675028421875 0.890234375 0.765548709375 0.890234375 0.7538239124999999 0.88828125 0.7518697796875 0.88828125 0.734282584375 0.882421875 0.7166953890625 0.882421875 0.7088788578125 0.878515625 0.703016459375 0.878515625 0.68347513125 0.8765625 0.6815209984374999 0.8765625 0.6737044671875 0.87265625 0.663933803125 0.870703125 0.648300740625 0.866796875 0.6404842093750001 0.866796875 0.6268052796875 0.86484375 0.624851146875 0.862890625 0.5994474203125 0.858984375 0.5916308890625 0.85703125 0.577951959375 0.847265625 0.5584106328125 0.84921875 0.554502365625 0.8443359375 0.5515711671875 0.823828125 0.5290986390625 0.82578125 0.5232362421875 0.81796875 0.513465578125 0.819921875 0.5095573109375 0.81796875 0.5036949140625 0.816015625 0.49978664687499996 0.812109375 0.497832515625 0.81015625 0.484153584375 0.804296875 0.47438292187500003 0.80234375 0.46461225781250004 0.796484375 0.4567957265625 0.79453125 0.4450709296875 0.788671875 0.435300265625 0.788671875 0.4296875 0.6320476187499999 0.4296875 0.6265625 0.4333461328125 0.6265625 0.43920853125 0.634375 0.44116266406250004 0.634375 0.4470250625 0.6275390625 0.448002128125 0.6265625 0.45484159375 0.6294921875 0.4577727921875 0.6333984375 0.45581865937500005 0.6353515625 0.459726925 0.6421875 0.46070399218749997 0.6412109375 0.46363519062499997 0.6373046875 0.4616810578125 0.634375 0.466566390625 0.6373046875 0.4694975890625 0.6421875 0.47047465624999996 0.6421875 0.48610771875000003 0.6451171875 0.48903891718750003 0.6470703125 0.487084784375 0.65 0.4880618515625 0.65 0.49392424999999995 0.65390625 0.497832515625 0.651953125 0.50174078125 0.655859375 0.5076031796875 0.648046875 0.513465578125 0.6509765625 0.518350909375 0.6548828125 0.518350909375 0.6578125 0.521282109375 0.6568359375 0.526167440625 0.6470703125 0.526167440625 0.644140625 0.5290986390625 0.6490234375 0.53007570625 0.6578125 0.536915171875 0.651953125 0.5466858343750001 0.6548828125 0.5476629015625 0.659765625 0.554502365625 0.65 0.5603647640625 0.65 0.5642730296875 0.6548828125 0.565250096875 0.655859375 0.5701354281250001 0.6509765625 0.5691583625 0.6490234375 0.5730666281250001 0.6431640625 0.5730666281250001 0.6421875 0.583814359375 0.6392578125 0.5847914249999999 0.636328125 0.581860225 0.6353515625 0.5750207609375 0.6236328125 0.5828372921875 0.6119140625 0.5691583625 0.6099609375 0.5711124953125 0.6021484375 0.5691583625 0.5923828125 0.56134183125 0.5865234375 0.5672042296875001 0.5787109375 0.5593876984375 0.5748046875 0.5593876984375 0.56875 0.5536970265625001 0.56875 1 0.93125 1