0 0.31953125 0.19453125 0.6390625 0.3890625
3 0.75390625 0.35078125 0.2296875 0.0765625
3 0.45703125 0.8671875 0.3640625 0.265625
3 0.20078125 0.890625 0.1515625 0.21875
3 0 0.7916565765625 0.15704035624999998 0.7768756578125 0.26545442812500003 0.7611167828125 0.26903464375 0.74825580625 0.258917746875 0.6864021796875 0.2544428296875 0.6711090000000001 0.2381963828125 0.6646880375 0.21595797968750002 0.5897786890625001 0.20601677812500002 0.47615023125 0.20963650781249998 0.40995786875 0.204902553125 0.3890625 0.17849961406249998 0.3890625 0.151925459375 0.5749907171875 0.1368460765625 0.5998370203125 0.121416715625 0.6027553828125 0.0720550359375 0.558451446875 0.066023565625 0.543294446875 0.053843493750000006 0.5474970031249999 0.0227709734375 0.5329623421874999 0 0.528683490625 0 0.7916565765625
3 0.4039510625 0.551372865625 0.4024721234375 0.570323878125 0.39009730625 0.59022815625 0.37818959531249996 0.5975438203125 0.3701344625 0.595111615625 0.3477789296875 0.5547188234375 0.3205589875 0.5304362953124999 0.2706716375 0.51597925 0.2566626484375 0.517204878125 0.2482765890625 0.5289178421875 0.26000719375000003 0.6988546140625 0.2715444640625 0.7590155046875 0.2829850671875 0.76428845625 0.46706700625 0.752888778125 0.6390625 0.7378411218750001 0.6390625 0.3890625 0.488025071875 0.3890625 0.45878184843750003 0.4430568734375 0.43621110781250005 0.507770296875 0.4039510625 0.551372865625
1 0.70234375 0.64609375 0.1265625 0.5140625
1 0.7609375 0.628125 0.24375 0.478125
1 0.81953125 0.59375 0.3609375 0.409375
1 0.98359375 0.7515625 0.0328125 0.159375
1 0.97109375 0.71953125 0.0578125 0.1921875