2 0.3140625 0.2203125 0.628125 0.4375
1 0.86796875 0.003125 0.0328125 0.00625
1 0.846875 0.003125 0.015625 0.00625
1 0.83046875 0.00859375 0.0328125 0.0171875
1 0.83046875 0.003125 0.0234375 0.00625
1 0.8171875 0.01328125 0.040625 0.0265625
1 0.8140625 0.0046875 0.03125 0.009375
1 0.79921875 0.009375 0.0234375 0.01875
1 0.78046875 0.00859375 0.0203125 0.0171875
1 0.77890625 0.0109375 0.0171875 0.021875
1 0.7671875 0.0125 0.03125 0.025
1 0.75078125 0.0140625 0.0234375 0.028125
1 0.74765625 0.0140625 0.0171875 0.021875
1 0.7328125 0.01875 0.0265625 0.028125
1 0.71953125 0.01328125 0.0171875 0.0265625
1 0.71875 0.021875 0.01875 0.021875
4 0.522573515625 1 0.5247955109375 0.998694540625 0.541192771875 0.9818974687500001 0.5528293390625 0.9567941046874999 0.5545153140625 0.9271499406249999 0.55072525625 0.909319125 0.53957955625 0.885064765625 0.5122104937499999 0.854940578125 0.47078381406250003 0.8291356000000001 0.45510188906250004 0.8258130328125001 0.485525934375 0.8233397203124999 0.4982453734375 0.8033308765625 0.499900515625 0.7923296828125 0.49235123437499995 0.73802508125 0.4619074515625 0.6699504390625 0.42815338281250004 0.62387818125 0.397647934375 0.59308948125 0.36209565625 0.5620423437500001 0.325031303125 0.5379724718750001 0.215400890625 0.510690575 0.081414471875 0.5285208859375 0.065017209375 0.5453179578125 0.035185171875 0.6022435140625 0.00866341875 0.637166684375 0 0.6419892218750001 0 0.7594296453125 0.0039422 0.7699563031250001 0.0148325984375 0.78361555 0.02298498125 0.8031814703125001 0.026488903125 0.829060140625 0.021523476562499998 0.86206371875 0.0218490875 0.9951117734375 0.0228881125 1 0.522573515625 1