0 0.25 0.225 0.5 0.45
3 0.75 0.24453125 0.5 0.4109375
3 0.075 0.56875 0.15 0.2375
3 0 0.8803056046875 0.00763445625 0.8643266875 0.003111115625 0.8476716281250001 0.008723512499999999 0.843508803125 0.0988786375 0.814919190625 0.1320995640625 0.7963686109375 0.3041695953125 0.7644414187499999 0.3089680171875 0.75566230625 0.291963715625 0.6682241921875 0.2613706078125 0.6656855609375001 0 0.7141679859375001 0 0.8803056046875
3 0.7984375 0.68515625 0.0265625 0.0328125
3 0.9140625 0.78125 0.025 0.034375
3 0.7984375 0.7546875 0.0234375 0.03125
3 0.83515625 0.5421875 0.0203125 0.025
3 0.81484375 0.6078125 0.0234375 0.0296875
3 0.725 0.45859375 0.034375 0.0171875
3 0.7984375 0.4703125 0.04375 0.040625
3 0.70390625 0.57265625 0.0375 0.0390625
3 0.64140625 0.53984375 0.028125 0.0375
3 0.928125 0.56171875 0.14375 0.2234375