0 0.275 0.2765625 0.55 0.465625
3 0.8859375 0.2109375 0.1765625 0.3890625
1 0.36484375 0.81484375 0.4015625 0.3703125
1 0.41015625 0.77109375 0.5046875 0.4578125
1 0.45078125 0.73203125 0.4359375 0.4359375
1 0.10234375 0.79375 0.2046875 0.4125
1 0.059375 0.8 0.11875 0.4
1 0.05546875 0.80234375 0.1109375 0.3953125
1 0.0984375 0.815625 0.196875 0.36875
1 0.1453125 0.65546875 0.1046875 0.1078125
3 1 0.509375 0.8443819765624999 0.509375 0.833590775 0.5175959171875 0.8115105953124999 0.5479866796875 0.7957712046875 0.588446996875 0.8104225765624999 0.65098749375 0.8712664312499999 0.655588565625 0.8906099234375 0.6778364859375 0.8986617171875 0.69870888125 0.90711131875 0.7021165265625 0.9979194078125 0.6861519609375 1 0.6828462359375 1 0.509375