0 0.2296875 0.2546875 0.459375 0.509375
0 0.5859375 0.41484375 0.253125 0.1890625
2 0.16015625 0.88359375 0.3203125 0.2328125
3 0.665625 0.9234375 0.0296875 0.065625
3 0.5921875 0.94375 0.0765625 0.09375
3 0.63046875 0.81796875 0.015625 0.0234375
3 0.6125 0.87734375 0.0203125 0.025
3 0.67421875 0.85625 0.025 0.0296875
3 0.83359375 0.98359375 0.021875 0.028125
3 0.68359375 0.68359375 0.0609375 0.1015625
3 0.60234375 0.6765625 0.021875 0.0203125
3 0.5234375 0.64453125 0.021875 0.0265625
3 0.4703125 0.6515625 0.021875 0.034375
3 0.7015625 0.796875 0.075 0.0390625