0 0.2546875 0.25 0.509375 0.5
1 0.928125 0.16875 0.14375 0.3375
1 0.88359375 0.36484375 0.2109375 0.2703125
1 0.73125 0.4640625 0.053125 0.071875
1 0.6828125 0.44375 0.0671875 0.1125
1 0.62265625 0.36328125 0.0984375 0.1625
1 0.63828125 0.39921875 0.0859375 0.140625
1 0.5734375 0.3953125 0.05 0.0515625
1 0.51953125 0.36328125 0.0203125 0.0453125
4 0.39512453281250004 1 0.404556459375 0.9691495578125 0.40743942187500004 0.9664000937500001 0.41251531874999997 0.94979758125 0.411662715625 0.9459060390625 0.4167386140625 0.9293035250000001 0.4172263421875 0.9076673953125001 0.414831109375 0.888780728125 0.4158462890625 0.8854602249999999 0.412435875 0.8698940609375001 0.4134510546875 0.8665735578125 0.40620392812499995 0.833495459375 0.40433614531249995 0.8329244203125 0.39735274375 0.8090041343750001 0.392764575 0.8039705171874999 0.38850155937499997 0.7845128109374999 0.38391339062499996 0.7794791937500001 0.3800766765625 0.7619672578125 0.3810918546875 0.75864675625 0.37981295 0.75280944375 0.37794516875 0.7522384046874999 0.375813659375 0.742509553125 0.3764025375 0.737243278125 0.3745347546875 0.736672240625 0.37325585 0.7308349296875 0.373844728125 0.72556865625 0.369256559375 0.7205350375 0.36227315781249997 0.696614753125 0.359552771875 0.6921521734375 0.35581720625 0.691010096875 0.354964603125 0.68711855625 0.340022340625 0.6825502484375 0.335271596875 0.6847286734375 0.3325512109375 0.68026609375 0.32828819375 0.6608083890625001 0.32284742187500004 0.651883228125 0.321142215625 0.644100146875 0.3165540484375 0.6390665281250001 0.3139962375 0.6273919046875001 0.30855546562499997 0.6184667453125 0.306850259375 0.6106836640625 0.295968715625 0.5928333453125 0.28764498125000004 0.58665765 0.286792378125 0.582766109375 0.28305681250000003 0.5816240328125 0.2822042109375 0.577732490625 0.2784686453125 0.5765904140625 0.27761604218749997 0.572698871875 0.2738804765625 0.5715567953125 0.2730278734375 0.5676652546875001 0.2655567421875 0.5653811015625 0.2601159703125 0.556455940625 0.2526448390625 0.5541717875 0.243631078125 0.5368925078125 0.24176329531250002 0.5363214703125 0.233114409375 0.5445698609375 0.2312466265625 0.5439988234375 0.233013259375 0.528200003125 0.230719175 0.52568319375 0.22901396875 0.5179001125 0.2271461859375 0.5173290749999999 0.22544097968750001 0.5095459906250001 0.21983763125000003 0.5078328765625 0.218132425 0.5000497937499999 0.21796955625 0.5 0.14752028749999999 0.5 0.1470952546875 0.5019322328125 0.1479478578125 0.5058237734375 0.1327201640625 0.5556313140625 0.1298372015625 0.558380778125 0.1267916640625 0.5683422859375 0.1239087015625 0.57109175 0.1198479828125 0.5843737609375 0.1120517 0.59651369375 0.11002134062499999 0.6031546984375 0.107138378125 0.6059041625 0.10510801875 0.61254516875 0.10222505781249999 0.6152946328125 0.09917951875 0.625256140625 0.09629655625 0.6280056046875 0.0881751203125 0.6545696265625 0.08801254375 0.66178166875 0.08512958125 0.6645311328125 0.0810688640625 0.67781314375 0.07818590156250001 0.6805626078125 0.070064465625 0.7071266296875 0.06892643125 0.7576109343749999 0.06689607187499999 0.764251940625 0.0667334953125 0.771463984375 0.0698801828125 0.7778723359375 0.07361574843749999 0.7790144125 0.07446835156250001 0.782905953125 0.08193948281249999 0.78519010625 0.08492359375 0.7988105015625 0.082893234375 0.8054515062500001 0.0837458375 0.809343046875 0.080862875 0.8120925109374999 0.075786978125 0.828695025 0.0756244015625 0.8359070671875 0.0804762953125 0.8500985 0.082344078125 0.8506695390625 0.0847393109375 0.8695562062500001 0.0893274796875 0.8745898234375 0.0950319765625 0.8926727968750001 0.0899560796875 0.909275309375 0.0644357203125 0.9359662578125001 0.0625679375 0.9353952187499999 0.0510360890625 0.9463930765624999 0.0398293921875 0.9429668453125 0.0369464296875 0.945716309375 0.0313430828125 0.9440031937500001 0.028460120312499997 0.946752659375 0.022856771875 0.9450395437499999 0.017090846875 0.9505384703124999 0.00758935625 0.9548953234375 0.0038537921875 0.9537532453124999 0 0.955520378125 0 1 0.39512453281250004 1
1 0.73046875 0.66328125 0.3484375 0.3265625
1 0.6203125 0.83203125 0.15 0.134375
1 0.6015625 0.79375 0.0640625 0.065625
1 0.74296875 0.81640625 0.175 0.1359375
1 0.78671875 0.87734375 0.184375 0.1515625