1 0.646875 0.0328125 0.1875 0.065625
1 0.71328125 0.034375 0.1828125 0.06875
1 0.8265625 0.0515625 0.20625 0.103125
1 0.96015625 0.0671875 0.0796875 0.134375
1 0.92734375 0.07421875 0.1453125 0.1484375
1 0.91640625 0.0875 0.1671875 0.175
1 0.409375 0.67421875 0.159375 0.4421875
1 0.9609375 0.56484375 0.078125 0.2953125
1 0.95234375 0.8390625 0.0953125 0.321875
1 0.87421875 0.8140625 0.2515625 0.371875
1 0.8546875 0.684375 0.290625 0.3875
1 0.69375 0.53125 0.315625 0.2328125
1 0.7140625 0.84375 0.11875 0.228125
1 0.63671875 0.77265625 0.3046875 0.3921875
1 0.6171875 0.5890625 0.421875 0.459375
1 0.4859375 0.82265625 0.121875 0.165625