0 0.2796875 0.3046875 0.559375 0.609375
1 0.7046875 0.3046875 0.290625 0.609375
1 0.7796875 0.3046875 0.440625 0.609375
1 0.7796875 0.39296875 0.440625 0.4328125
1 0.92578125 0.24453125 0.1484375 0.4890625
3 0.22421875 0.9796875 0.0203125 0.0265625
3 0.17109375 0.99375 0.0296875 0.0125
3 0.2125 0.8359375 0.08125 0.1109375
3 0.29296875 0.853125 0.0265625 0.025
3 0.37734375 0.8453125 0.0265625 0.03125
3 0.428125 0.86875 0.0328125 0.0375
3 0.49921875 0.98046875 0.028125 0.0328125
3 0.1625 0.9390625 0.0796875 0.053125
1 0.6890625 0.8046875 0.259375 0.390625
1 0.7796875 0.8046875 0.440625 0.390625
1 0.7796875 0.8046875 0.440625 0.390625
1 0.91015625 0.76171875 0.1796875 0.3046875