2 0.09453125 0.234375 0.1890625 0.46875
3 0.565625 0.4828125 0.028125 0.028125
3 0.6140625 0.71171875 0.03125 0.0578125
3 0.54140625 0.7734375 0.0375 0.0484375
3 0.559375 0.8375 0.03125 0.0515625
3 0.38125 0.734375 0.028125 0.0390625
3 0.2234375 0.7578125 0.08125 0.1015625
3 0.03671875 0.834375 0.0625 0.0890625
3 0.00234375 0.53359375 0.0046875 0.0296875
3 0.40546875 0.53125 0.028125 0.0375
3 0.484375 0.48203125 0.025 0.0265625
3 0.06640625 0.990625 0.0671875 0.01875
1 0.96015625 0.871875 0.0796875 0.1125
1 0.83203125 0.94296875 0.1390625 0.1140625