0 0.29453125 0.24453125 0.5890625 0.4890625
0 0.65234375 0.24453125 0.1265625 0.4890625
1 0.10390625 0.52421875 0.1359375 0.0703125
1 0.33203125 0.52421875 0.2265625 0.0703125
1 0.153125 0.6828125 0.01875 0.0140625
1 0.09765625 0.68984375 0.021875 0.0140625
1 0.028125 0.6984375 0.021875 0.0125
1 0.00859375 0.7328125 0.0140625 0.0140625
1 0.0296875 0.7359375 0.0109375 0.0078125
1 0.16796875 0.72734375 0.0109375 0.015625
1 0.18984375 0.72578125 0.0078125 0.0109375
1 0.26171875 0.71640625 0.009375 0.0140625
1 0.2765625 0.7171875 0.0140625 0.0078125
1 0.2828125 0.71953125 0.0109375 0.0109375
1 0.2921875 0.7171875 0.0140625 0.0109375
1 0.32109375 0.71640625 0.0171875 0.0125
1 0.440625 0.68671875 0.015625 0.021875
1 0.40625 0.71015625 0.0140625 0.0125
1 0.4265625 0.70703125 0.0109375 0.0078125
1 0.578125 0.66953125 0.021875 0.0234375
1 0.54140625 0.7 0.009375 0.009375
1 0.0796875 0.73203125 0.0125 0.0078125
1 0.38046875 0.71171875 0.0203125 0.0171875
1 0.38046875 0.70625 0.0203125 0.0109375
3 0.728125 0.8484375 0.278125 0.303125