3 0.34765625 0.228125 0.3640625 0.28125
1 0.88359375 0.234375 0.2328125 0.26875
1 0.79453125 0.309375 0.2484375 0.11875
1 0.66875 0.2828125 0.196875 0.171875
1 0.6109375 0.18515625 0.1625 0.3671875
1 0.4609375 0.5625 0.1359375 0.2953125
1 0.20859375 0.684375 0.4171875 0.63125
1 0.04921875 0.51953125 0.0984375 0.3015625
1 0.3796875 0.60625 0.021875 0.0296875
1 0.346875 0.58515625 0.034375 0.0640625
1 0.3625 0.59453125 0.025 0.075
1 0.328125 0.6109375 0.0328125 0.04375
0 0.64140625 0.59296875 0.2234375 0.3453125