3 0.29453125 0.209375 0.0890625 0.41875
3 0.16953125 0.209375 0.3390625 0.41875
1 0.80703125 0.31484375 0.3859375 0.2078125
1 0.69765625 0.26171875 0.2828125 0.3140625
1 0.7984375 0.1765625 0.1484375 0.1625
1 0.56640625 0.25859375 0.2359375 0.3203125
1 0.4703125 0.21015625 0.2625 0.4171875
1 0.425 0.22109375 0.171875 0.3953125
1 0.42421875 0.12734375 0.1703125 0.2109375
1 0.42578125 0.0796875 0.1140625 0.159375
1 0.41171875 0.0484375 0.1015625 0.096875
1 0.61796875 0.11875 0.1171875 0.1578125
1 0.59765625 0.08515625 0.0640625 0.096875
0 0.6265625 0.7421875 0.575 0.515625