3 0.21640625 0.315625 0.3046875 0.546875
3 0.1203125 0.33671875 0.240625 0.5046875
3 0.91328125 0.334375 0.1734375 0.384375
3 0.7125 0.21796875 0.43125 0.4359375
3 0.73125 0.4875 0.371875 0.203125
3 0.465625 0.20390625 0.19375 0.3265625
3 0.36875 1 0.36875 0.6385272546875 0.3409629421875 0.633453709375 0.2947531421875 0.6092797375 0.2329414078125 0.5890625 0.0704760453125 0.5890625 0 0.7955862578125 0 1 0.36875 1
3 0.24453125 0.65234375 0.2484375 0.1265625
3 0.69765625 0.79453125 0.6046875 0.4109375
3 0.475 0.66484375 0.2125 0.1515625
3 0.953125 0.74375 0.09375 0.303125