3 0.25859375 0.3875 0.1421875 0.303125
3 0.8609375 0.26953125 0.278125 0.5390625
1 0.2453125 0.61796875 0.075 0.09375
1 0.25 0.57421875 0.034375 0.0703125
1 0.234375 0.6296875 0.0453125 0.0671875
1 0.1984375 0.596875 0.0515625 0.1
1 0.18671875 0.65625 0.05625 0.0328125
1 0.10859375 0.5578125 0.1015625 0.0375
1 0.12265625 0.62421875 0.0328125 0.0859375
1 0.0453125 0.5625 0.071875 0.046875
1 0.00546875 0.57109375 0.0109375 0.0640625
3 0.72578125 0.76953125 0.5484375 0.4609375
3 0.390625 0.79375 0.121875 0.321875