3 0.28359375 0.25390625 0.253125 0.3875
3 0.09921875 0.25234375 0.1984375 0.4140625
0 0.78984375 0.2296875 0.4203125 0.459375
1 0.01328125 0.725 0.0265625 0.05
1 0.10390625 0.87890625 0.134375 0.221875
1 0.17421875 0.78359375 0.071875 0.096875
1 0.18203125 0.7140625 0.075 0.078125
1 0.30625 0.8609375 0.26875 0.278125
1 0.30546875 0.709375 0.196875 0.0953125
1 0.48515625 0.76484375 0.1890625 0.3109375
1 0.4953125 0.8046875 0.16875 0.246875
1 0.50546875 0.83828125 0.1484375 0.3234375
0 0.7265625 0.7296875 0.29375 0.540625