3 0.1046875 0.10546875 0.209375 0.2109375
1 0.609375 0.3609375 0.15 0.296875
1 0.52734375 0.3640625 0.0546875 0.290625
1 0.84765625 0.384375 0.1265625 0.25
1 0.7234375 0.37265625 0.1 0.2640625
1 0.93125 0.38046875 0.1 0.2578125
1 0.97578125 0.3734375 0.0484375 0.234375
1 0.90625 0.28203125 0.04375 0.0671875
1 0.85859375 0.26640625 0.0421875 0.0390625
1 0.88203125 0.2734375 0.0234375 0.0546875
1 0.83359375 0.26015625 0.025 0.040625
1 0.8078125 0.26328125 0.05625 0.05
1 0.79296875 0.27890625 0.0390625 0.075