1 0.571875 0.19375 0.1546875 0.146875
1 0.60078125 0.2984375 0.096875 0.1140625
1 0.62734375 0.35078125 0.0421875 0.059375
1 0.69453125 0.20703125 0.0984375 0.1359375
1 0.68359375 0.23671875 0.0515625 0.115625
1 0.71640625 0.29453125 0.0765625 0.09375
1 0.7046875 0.35859375 0.0328125 0.078125
1 0.87265625 0.2203125 0.128125 0.1453125
1 0.8484375 0.35234375 0.075 0.09375
1 0.846875 0.30859375 0.034375 0.0703125
1 0.8578125 0.365625 0.0453125 0.0671875
1 0.896875 0.3359375 0.0515625 0.1
1 0.903125 0.3890625 0.05625 0.021875
1 0.9703125 0.25703125 0.059375 0.1296875
1 0.96953125 0.3625 0.0328125 0.075
0 0.1546875 0.6140625 0.309375 0.428125
3 0.803125 0.83671875 0.39375 0.3265625
3 0.9390625 0.5015625 0.121875 0.203125