3 0.27578125 0.37265625 0.1265625 0.5328125
3 0.12265625 0.32734375 0.1875 0.234375
3 0.6335161953124999 0 0.4376909734375 0.06742803124999999 0.5341491078125 0.328365584375 0.5445881734375 0.3346863203125 0.584017265625 0.324414859375 1 0.1786190640625 1 0 0.6335161953124999 0
3 0.9453125 0.471875 0.109375 0.334375
3 0.1796875 0.76171875 0.1 0.0703125
3 0.25625 0.90390625 0.0390625 0.0390625
3 0.16015625 0.85234375 0.0453125 0.0390625
3 0.09609375 0.8328125 0.05 0.04375
3 0.05078125 0.7984375 0.046875 0.0390625
3 0.0390625 0.9078125 0.05625 0.0484375
3 0.04765625 0.6984375 0.046875 0.046875
3 0.13828125 0.98125 0.0453125 0.0375
3 0.5296875 0.81953125 0.38125 0.3609375