3 0.12109375 0.3125 0.2421875 0.4125
3 0.59609375 0.45078125 0.028125 0.05
3 0.45078125 0.44375 0.034375 0.05
3 0.496875 0.31484375 0.0359375 0.0484375
3 0.52421875 0.2234375 0.0578125 0.0578125
3 0.60390625 0.16015625 0.0375 0.0484375
3 0.58359375 0.09921875 0.03125 0.0515625
3 0.759375 0.1890625 0.0296875 0.0390625
3 0.90859375 0.15859375 0.0828125 0.103125
3 0.746875 0.384375 0.0296875 0.0375
3 0.67265625 0.43984375 0.025 0.034375
3 0.6640625 0.6 0.45625 0.1625
3 0.74921875 0.9296875 0.3921875 0.140625