3 0.1359375 0.26875 0.271875 0.1625
1 0.7359375 0.175 0.528125 0.35
4 0.46875 1 0.46875 0.43294982656250003 0.4665173859375 0.43394385 0.447281340625 0.43395644375 0.44014426562500003 0.4371340734375 0.43816454374999997 0.44229142499999996 0.4347914609375 0.43951729687499996 0.43042851562499995 0.4393218421875 0.4205173125 0.44587255625 0.40385994218750004 0.4468750109375 0.3878015265625 0.45402467812499997 0.3804689984375 0.461565253125 0.37154765625 0.46553729062500004 0.36580394374999997 0.4766464015625 0.357677009375 0.4824027078125 0.35509833281250003 0.48141284687499997 0.34974552812500004 0.48379606875 0.34379376875 0.4800320796875 0.3253521296875 0.481828940625 0.32019477812499997 0.47984921875 0.316626240625 0.481438034375 0.30889021250000004 0.4784684515625 0.2938216578125 0.4830394421875 0.28152723125 0.4842373515625 0.259712509375 0.483260084375 0.24722262968750003 0.4888209359375 0.2432631859375 0.49913564062500004 0.2349407984375 0.5092548906250001 0.2304864234375 0.5208589328125 0.2318797859375 0.5287904140624999 0.22484673437499997 0.5394045953125 0.2111589484375 0.5326710218749999 0.19777063749999998 0.5290110546875 0.1667225015625 0.509696171875 0.116346890625 0.502193378125 0.07213108593749999 0.513327678125 0.0590422515625 0.5127413171875 0.0431792890625 0.515528040625 0.03623766875 0.514342725 0.0088746875 0.520111625 0.0019330671875 0.5189263109375 0 0.5195417375 0 1 0.46875 1
3 0.6640625 0.61484375 0.01875 0.0171875
3 0.70390625 0.61328125 0.0203125 0.0171875
3 0.76796875 0.58671875 0.028125 0.028125
3 0.815625 0.56015625 0.0328125 0.03125
3 0.834375 0.60546875 0.028125 0.0328125
3 0.86953125 0.60859375 0.0359375 0.0359375
3 0.81640625 0.71875 0.0953125 0.06875
3 0.628125 0.8140625 0.0234375 0.021875