3 0.0609375 0.209375 0.121875 0.41875
3 0.2609375 0.209375 0.521875 0.41875
3 0.94453125 0.2203125 0.1109375 0.396875
1 0.23046875 0.64453125 0.125 0.159375
1 0.015625 0.73828125 0.03125 0.0953125
1 0.078125 0.7609375 0.134375 0.1546875
1 0.0140625 0.61015625 0.0171875 0.0234375
1 0.05078125 0.59765625 0.028125 0.03125
1 0.18828125 0.54765625 0.01875 0.0234375
1 0.21484375 0.5734375 0.05 0.05
1 0.2796875 0.56015625 0.0328125 0.0390625
1 0.309375 0.53984375 0.0578125 0.05625
1 0.35 0.51875 0.0328125 0.0375
1 0.3953125 0.478125 0.040625 0.0390625
1 0.421875 0.46640625 0.0265625 0.0296875
1 0.7625 0.84140625 0.30625 0.3171875