3 0.08515625 0.24140625 0.1703125 0.3640625
3 0.2890625 0.234375 0.321875 0.46875
3 0.8140625 0.34140625 0.0359375 0.0671875
3 0.88359375 0.3734375 0.084375 0.0984375
3 0.86484375 0.2421875 0.0171875 0.025
3 0.8734375 0.30390625 0.021875 0.0265625
3 0.81640625 0.2734375 0.0265625 0.03125
3 0.63828125 0.37421875 0.0234375 0.0296875
3 0.45859375 0.1328125 0.0171875 0.08125
3 0.83359375 0.1015625 0.0703125 0.10625
3 0.91484375 0.1078125 0.0234375 0.0234375
3 0.99296875 0.0875 0.0140625 0.028125
3 0.79765625 0.2109375 0.0765625 0.0453125
3 0.06328125 0.66171875 0.1265625 0.3859375
3 0.2671875 0.65859375 0.365625 0.2890625
3 0.88203125 0.58515625 0.125 0.0796875
3 0.82265625 0.75546875 0.075 0.109375
3 0.86640625 0.88125 0.084375 0.059375
3 0.5640625 0.9 0.18125 0.2