3 0.3265625 0.15078125 0.046875 0.2234375
3 0.23125 0.4734375 0.2375 0.471875
3 0.35 0 0.35 0.684397021875 0.45819150625000005 0.709375 1 0.709375 1 0 0.35 0
1 0.175 0.8546875 0.35 0.290625
1 0.2234375 0.8546875 0.253125 0.290625
3 0.775 0.92421875 0.0953125 0.0625
3 0.8359375 0.77890625 0.0375 0.0359375
3 0.74765625 0.8390625 0.0421875 0.0359375
3 0.68671875 0.8640625 0.046875 0.0390625
3 0.64609375 0.903125 0.04375 0.0359375
3 0.62421875 0.79765625 0.0546875 0.0421875
3 0.5015625 0.81328125 0.0453125 0.040625
3 0.37734375 0.83359375 0.0546875 0.0484375
3 0.58203125 0.98828125 0.0390625 0.0234375
3 0.653125 0.9890625 0.04375 0.021875
3 0.7125 0.7203125 0.04375 0.021875