3 0.28984375 0.16484375 0.2390625 0.2828125
3 0.24921875 0.43046875 0.2796875 0.2765625
3 0.9296875 0.05234375 0.0171875 0.0140625
3 0.8921875 0.06328125 0.0171875 0.0125
3 0.82421875 0.05546875 0.021875 0.021875
3 0.77265625 0.0453125 0.028125 0.025
3 0.76640625 0.09296875 0.021875 0.0296875
3 0.7359375 0.10703125 0.0296875 0.0296875
3 0.81640625 0.19453125 0.090625 0.046875
3 0.34765625 0.95390625 0.0171875 0.0140625
3 0.309375 0.96484375 0.01875 0.0125
3 0.240625 0.9578125 0.0234375 0.0234375
3 0.1875 0.94609375 0.028125 0.0265625
3 0.18125 0.98984375 0.021875 0.0203125
3 0.14921875 0.99609375 0.0296875 0.0078125
3 0.94765625 0.721875 0.1046875 0.171875
3 0.834499175 1 0.835831196875 0.9891515640625 0.861379046875 0.9733976375 0.869677090625 0.957099934375 0.8866520328125 0.8316712328125 0.8895613328125 0.7438713390625 0.8800383046875 0.7316824203125 0.8310372328125 0.7461308890625 0.7938717265624999 0.7667552828125 0.7851928406249999 0.78615469375 0.778390678125 0.7774483234375 0.7516453296875001 0.777312875 0.741197684375 0.7854754703125 0.7223970234375 0.7847412734375 0.7167923593750001 0.791924278125 0.6978012765625 0.792740934375 0.5905215 0.83309259375 0.47986713437499995 0.8368225203125 0.4136437421875 0.8633244609374999 0.409375 0.862941825 0.409375 0.9635513078125 0.7062257734374999 1 0.834499175 1