3 0.1984375 0.26484375 0.396875 0.5296875
3 0.31328125 0.2296875 0.3515625 0.459375
0 0.74453125 0.26484375 0.5109375 0.5296875
3 0.25 0.68984375 0.35625 0.3203125
3 0.45 0.67265625 0.078125 0.2859375
1 0.60078125 0.92578125 0.1859375 0.1484375
1 0.60078125 0.83359375 0.1234375 0.134375
1 0.61171875 0.7765625 0.05625 0.06875
1 0.71640625 0.89609375 0.13125 0.1546875
1 0.69765625 0.8703125 0.08125 0.1234375
1 0.71328125 0.80625 0.0984375 0.109375
1 0.68359375 0.74765625 0.053125 0.0828125
1 0.88359375 0.83359375 0.1609375 0.171875
1 0.8234375 0.71328125 0.096875 0.1078125
1 0.834375 0.75625 0.0515625 0.075
1 0.8296875 0.6984375 0.0625 0.0765625
1 0.875 0.71640625 0.0765625 0.1078125
1 0.865625 0.65703125 0.0609375 0.0453125
1 0.9609375 0.765625 0.078125 0.15
1 0.93671875 0.66484375 0.0546875 0.090625