3 0.3125 0.22265625 0.39375 0.4453125
3 0.70625 0.27578125 0.1265625 0.11875
3 0.815625 0.1 0.346875 0.1390625
1 0.10078125 0.55625 0.1703125 0.153125
1 0.303125 0.57734375 0.396875 0.1953125
1 0.43828125 0.55546875 0.1421875 0.1515625
1 0.45390625 0.5828125 0.1109375 0.20625
1 0.30859375 0.5734375 0.2234375 0.1875
1 0.3046875 0.58125 0.2140625 0.178125
1 0.27890625 0.64296875 0.0875 0.1640625
1 0.30078125 0.68046875 0.08125 0.121875
1 0.08203125 0.6296875 0.09375 0.1453125
1 0.10859375 0.659375 0.05 0.090625