3 0.45078125 0.17109375 0.1578125 0.3421875
3 0.1953125 0.08984375 0.390625 0.1796875
1 0.68203125 0.21953125 0.3046875 0.4390625
1 0.42109375 0.8359375 0.2171875 0.328125
1 0.41015625 0.96015625 0.0890625 0.0796875
1 0.2546875 0.925 0.0859375 0.115625
1 0.17578125 0.8984375 0.078125 0.1078125
1 0.10390625 0.85625 0.0859375 0.1203125
1 0.06953125 0.846875 0.0984375 0.121875
1 0.11171875 0.88671875 0.08125 0.103125
1 0.02890625 0.80390625 0.0578125 0.1546875
1 0.028125 0.825 0.05625 0.115625
1 0.2140625 0.94609375 0.046875 0.05625
1 0.2296875 0.934375 0.065625 0.0828125
1 0.2859375 0.9515625 0.0546875 0.084375
1 0.3078125 0.96796875 0.05625 0.0640625
1 0.26328125 0.9703125 0.0640625 0.059375
1 0.0515625 0.7765625 0.0671875 0.028125
3 0.76484375 0.71953125 0.4703125 0.5609375