3 0.221875 0.13359375 0.378125 0.2671875
3 0.40859375 0.196875 0.1609375 0.39375
3 0.30859375 0.39765625 0.3609375 0.2828125
3 0.90078125 0.13125 0.196875 0.15625
0 0.24453125 0.76953125 0.4890625 0.4609375
1 0.50546875 0.5828125 0.0328125 0.0875
1 0.6328125 0.63046875 0.084375 0.1140625
1 0.709375 0.66171875 0.075 0.1078125
1 0.79140625 0.675 0.0828125 0.11875
1 0.82421875 0.690625 0.096875 0.1203125
1 0.76640625 0.69375 0.078125 0.1015625
1 0.90859375 0.70546875 0.1203125 0.1546875
1 0.8796875 0.709375 0.08125 0.1140625
1 0.94453125 0.72421875 0.109375 0.128125
1 0.65 0.6734375 0.046875 0.0546875
1 0.6453125 0.65390625 0.0640625 0.0828125
1 0.59140625 0.63125 0.053125 0.084375
1 0.5609375 0.63359375 0.053125 0.0734375
1 0.5953125 0.66015625 0.0625 0.059375
1 0.8828125 0.64765625 0.06875 0.025