3 0.171875 0.48203125 0.34375 0.1734375
3 0.43125 0.3703125 0.296875 0.396875
0 0.78984375 0.284375 0.4203125 0.56875
4 0.47587343281249994 1 0.4795198921875 0.9940182703125 0.4832554578125 0.9928761937499999 0.48436185624999994 0.9898147765624999 0.48996520312499997 0.9881016609375 0.49107160156249996 0.9850402453125 0.49293938437499996 0.9844692078125 0.49701996406250004 0.9777753375 0.5007555296875 0.9766332609375 0.5040747234375 0.967449015625 0.50594250625 0.9668779765625001 0.507602103125 0.9622858531249999 0.5037951796875 0.9498339687499999 0.5049015781249999 0.946772553125 0.49804911562500004 0.9243591609375 0.4954199484375 0.9224398218750001 0.49009025624999997 0.9050071828125 0.4874610890625 0.9030878437500001 0.485176934375 0.8956167140625 0.4799186 0.8917780375 0.48289278125 0.8881455828125 0.4775630875 0.8707129437500001 0.4786694859375 0.8676515296874999 0.4672487171875 0.830295875 0.468355115625 0.8272344578125 0.46683234531249995 0.8222537046875 0.46793874375 0.8191922890625 0.46413182031250005 0.8067404046875 0.46523821875 0.8036789890625 0.464476834375 0.8011886109375 0.46613643125 0.7965964875 0.4680042140625 0.7960254499999999 0.4798354671875 0.8046624734375 0.483987403125 0.811562565625 0.49450407343749997 0.8192399203124999 0.49526545781250003 0.821730296875 0.503152959375 0.8274883125000001 0.50391434375 0.8299786890625 0.5065435125 0.8318980281250001 0.5106954484374999 0.8387981203124999 0.5212121187500001 0.8464754750000001 0.521973503125 0.8489658500000001 0.5246026703125 0.8508851890625 0.5253640546875 0.8533755671875 0.527993221875 0.8552949046875 0.5287546062499999 0.85778528125 0.5347743265625 0.8641143359375001 0.5362970953125 0.8690950890625 0.5389262625 0.8710144281250001 0.539687646875 0.87350480625 0.5449459828125 0.87734348125 0.54909791875 0.884243575 0.554356253125 0.8880822515625001 0.5551176375 0.890572628125 0.5577468062500001 0.8924919671874999 0.559269575 0.8974727203124999 0.5618987421875 0.899392059375 0.56646705 0.914334321875 0.5690962171875 0.9162536593749999 0.5706189875 0.9212344140625 0.5732481546875 0.9231537515625 0.5755323078125001 0.9306248828125 0.578161475 0.932544221875 0.5796842453125 0.937524975 0.5796875 0.9375273515625 0.5796875 0.56875 0.118175425 0.56875 0.11791447031249999 0.5694720640625001 0.11833084062500002 0.5775142328125 0.11611804375000001 0.5836370640624999 0.11687942968750001 0.586127440625 0.11411343437499999 0.5937809781250001 0.11224565156249999 0.5943520171875 0.1061604625 0.611189803125 0.10768323125000001 0.61617055625 0.105470434375 0.6222933875 0.10623181875000001 0.6247837640625 0.1047804078125 0.633396971875 0.1055417921875 0.63588735 0.1081709609375 0.6378066890625 0.11350065312499999 0.6552393265625 0.1123942546875 0.6583007421875 0.11543979374999999 0.66826225 0.1143333953125 0.671323665625 0.11661754843750001 0.6787947953125 0.1155111515625 0.6818562109374999 0.12388638125 0.7092503578125 0.122779984375 0.7123117734375 0.15704229375 0.8243787375 0.1596714609375 0.8262980765625001 0.17870607656249998 0.8885574999999999 0.18133524375 0.8904768390625 0.1843807828125 0.9004383468749999 0.18700995 0.902357684375 0.19157825781249999 0.9172999468749999 0.194207425 0.9192192859375 0.1964915796875 0.926690415625 0.199120746875 0.9286097546875001 0.2014049 0.9360808859375 0.2040340671875 0.9380002234375 0.207840990625 0.950452109375 0.21047015781249998 0.9523714468750001 0.2127543125 0.9598425781250001 0.2153834796875 0.9617619171875 0.21614486406250003 0.9642522937500001 0.21877403125 0.9661716312499999 0.22292596874999998 0.9730717234374999 0.2255551359375 0.9749910625 0.22783929062500002 0.98246219375 0.233097625 0.9863008703125 0.233859009375 0.9887912484375001 0.23987872812500002 0.9951203015625 0.24137060312499997 1 0.47587343281249994 1
1 0.8734375 0.87734375 0.165625 0.2453125
1 0.7421875 0.90234375 0.178125 0.1953125
1 0.66796875 0.94375 0.1578125 0.1125
1 0.6609375 0.909375 0.1625 0.18125
1 0.76953125 0.8921875 0.1328125 0.215625
1 0.77421875 0.8609375 0.1203125 0.2125
1 0.7984375 0.82578125 0.11875 0.2015625
1 0.8296875 0.78671875 0.071875 0.1359375
1 0.81875 0.7515625 0.0671875 0.109375
1 0.71875 0.7953125 0.1 0.1296875
1 0.675 0.79296875 0.059375 0.0828125
1 0.68046875 0.78359375 0.0640625 0.0953125
1 0.7453125 0.74453125 0.0390625 0.05625
1 0.75 0.73125 0.0421875 0.059375
1 0.77734375 0.69453125 0.040625 0.0640625
1 0.73046875 0.71484375 0.0421875 0.059375
1 0.60703125 0.7375 0.0390625 0.0453125