3 0.1828125 0.46640625 0.3125 0.1859375
3 0.0734375 0.21328125 0.146875 0.3078125
3 0.6109375 0.54921875 0.025 0.0203125
3 0.684375 0.4265625 0.01875 0.0234375
3 0.64765625 0.48515625 0.0203125 0.028125
3 0.84140625 0.35234375 0.0296875 0.040625
3 0.853125 0.26875 0.034375 0.06875
3 0.6015625 0.3078125 0.03125 0.0359375
3 0.66875 0.34140625 0.040625 0.0515625
3 0.54921875 0.42265625 0.034375 0.0375
3 0.496875 0.3734375 0.025 0.0359375
3 0.5265625 0.278125 0.0328125 0.03125
3 0.67421875 0.19765625 0.021875 0.0296875
3 0.83046875 0.47109375 0.2578125 0.1765625
3 0.446875 0.9265625 0.215625 0.146875