3 0.2203125 0.3765625 0.41875 0.384375
3 0.71484375 0.48125 0.5703125 0.175
3 0.547469703125 0 0.536639075 0.014769403125 0.48646551875000005 0.2565123359375 0.49456191250000003 0.2803705421875 0.511774865625 0.29008338125 0.5373823515625 0.322120634375 0.5387041984375001 0.33988676875 0.5542145125 0.374736565625 0.5502956078125 0.386708765625 0.5810145546875 0.40063864843749997 0.65582915 0.40881415312499997 0.673167853125 0.38512479375 0.6740191734375001 0.3725563140625 0.6954060734375 0.3607960578125 0.7245050328125 0.3584935984375 0.7600803984375 0.3638170046875 0.89437520625 0.4344901265625 0.9634389640625001 0.4558734859375 1 0.454664628125 1 0 0.547469703125 0
3 0.4296875 0 0.4296875 0.23588423593750002 0.46281925625 0.2471407328125 0.48949000624999994 0.2491415125 0.52288158125 0.0773567546875 0.5456332328125 0 0.4296875 0
1 0.24296875 0.784375 0.3734375 0.43125
1 0.4484375 0.73125 0.03125 0.0453125
1 0.62421875 0.78203125 0.065625 0.13125
1 0.65859375 0.7375 0.0640625 0.109375
1 0.7 0.73828125 0.0875 0.175
1 0.709375 0.853125 0.1421875 0.1875
1 0.85390625 0.81796875 0.2921875 0.3640625
1 0.8703125 0.7546875 0.259375 0.371875