3 0.43125 0.4734375 0.175 0.290625
3 0.51875 0 0.51875 0.280873775 0.5242914625 0.283576465625 0.5420313359375 0.316440040625 0.5417633390625001 0.39223168125 0.5741913453125 0.4298677203125 0.5876388968749999 0.488436178125 0.550905246875 0.61875 0.6142758203125 0.61875 0.63829306875 0.5699336171875 0.6914283984375 0.5438390656250001 0.7070891109375 0.5706071734375 0.695157465625 0.61875 0.7509987437500001 0.61875 0.7701339609375 0.56399214375 0.81198519375 0.6101098859375 0.8149323328125 0.61875 1 0.61875 1 0.058749953125 0.9736194640625 0.050178396874999996 0.9340252578125 0 0.76260785625 0 0.745819428125 0.0141010359375 0.695089696875 0 0.51875 0
3 0.259375 0.83203125 0.51875 0.3359375
1 0.53359375 0.72734375 0.0296875 0.0734375
1 0.6140625 0.7765625 0.1078125 0.1359375
1 0.6 0.74296875 0.1453125 0.153125
1 0.6078125 0.7296875 0.140625 0.1390625
1 0.65390625 0.74609375 0.1046875 0.1265625
1 0.92734375 0.79921875 0.034375 0.046875
1 0.925 0.75546875 0.0265625 0.03125
1 0.67734375 0.67734375 0.028125 0.0296875