3 0.19453125 0.284375 0.3890625 0.56875
3 0.59296875 0.35390625 0.4078125 0.4296875
3 0.88046875 0.36640625 0.2390625 0.4046875
3 0.903125 0.08515625 0.19375 0.1703125
3 0.62109375 0.0578125 0.4640625 0.115625
3 0.025 0.834375 0.05 0.04375
3 0.05625 0.99296875 0.065625 0.0140625
3 0.14609375 0.85234375 0.14375 0.0734375
3 0.11796875 0.91015625 0.0296875 0.0265625
3 0.2859375 0.7625 0.1265625 0.0859375
3 0.7191743390625 1 0.7457680921875001 0.9097157671874999 0.7310907296875 0.7663817828124999 0.7070390125 0.68974979375 0.7207978234375 0.56875 0.5844337578125 0.56875 0.5796360578125 0.5776636671875 0.5106206046875 0.5731964453125 0.5075868078125 0.56875 0.45175525937499994 0.56875 0.44721870937499997 0.61137629375 0.39554309062500004 0.593649225 0.3890625 0.5906648578125 0.3890625 1 0.7191743390625 1